8 16777216 47332.0 47332.0 47332.0 5.67133136145 5.67133136145 5.67133136145 1.41783284036 1.41783284036 1.41783284036
16 8388608 23739.0 23739.0 23739.0 11.3077828047 11.3077828047 11.3077828047 2.82694570117 2.82694570117 2.82694570117
24 4194304 11821.0 11821.0 11821.0 17.0312657136 17.0312657136 17.0312657136 4.25781642839 4.25781642839 4.25781642839
32 4194304 12682.0 12682.0 12682.0 21.1666500552 21.1666500552 21.1666500552 5.2916625138 5.2916625138 5.2916625138
40 2097152 6845.0 6845.0 6845.0 24.5101767714 24.5101767714 24.5101767714 6.12754419284 6.12754419284 6.12754419284
48 2097152 7739.0 7739.0 7739.0 26.0145486497 26.0145486497 26.0145486497 6.50363716242 6.50363716242 6.50363716242
56 2097152 9556.0 9556.0 9556.0 24.5794290498 24.5794290498 24.5794290498 6.14485726245 6.14485726245 6.14485726245
64 2097152 10905.0 10905.0 10905.0 24.6158143971 24.6158143971 24.6158143971 6.15395359927 6.15395359927 6.15395359927
72 1048576 6121.0 6121.0 6121.0 24.6683456951 24.6683456951 24.6683456951 6.16708642379 6.16708642379 6.16708642379
80 1048576 6576.0 6576.0 6576.0 25.5127980535 25.5127980535 25.5127980535 6.37819951338 6.37819951338 6.37819951338
88 1048576 7083.0 7083.0 7083.0 26.0552556826 26.0552556826 26.0552556826 6.51381392066 6.51381392066 6.51381392066
96 1048576 7497.0 7497.0 7497.0 26.8542873149 26.8542873149 26.8542873149 6.71357182873 6.71357182873 6.71357182873
104 1048576 9218.0 9218.0 9218.0 23.6606430896 23.6606430896 23.6606430896 5.9151607724 5.9151607724 5.9151607724
112 1048576 8397.0 8397.0 8397.0 27.9720166726 27.9720166726 27.9720166726 6.99300416816 6.99300416816 6.99300416816
120 1048576 8860.0 8860.0 8860.0 28.4038645598 28.4038645598 28.4038645598 7.10096613995 7.10096613995 7.10096613995
128 1048576 3412.0 3412.0 3412.0 78.6739320047 78.6739320047 78.6739320047 19.6684830012 19.6684830012 19.6684830012
136 524288 1716.0 1716.0 1716.0 83.1039254079 83.1039254079 83.1039254079 20.775981352 20.775981352 20.775981352
144 524288 1812.0 1812.0 1812.0 83.3305430464 83.3305430464 83.3305430464 20.8326357616 20.8326357616 20.8326357616
152 524288 2032.0 2032.0 2032.0 78.4367874016 78.4367874016 78.4367874016 19.6091968504 19.6091968504 19.6091968504
160 524288 2272.0 2272.0 2272.0 73.8433802817 73.8433802817 73.8433802817 18.4608450704 18.4608450704 18.4608450704
176 524288 2736.0 2736.0 2736.0 67.4522573099 67.4522573099 67.4522573099 16.8630643275 16.8630643275 16.8630643275
192 524288 3562.0 3562.0 3562.0 56.5206603032 56.5206603032 56.5206603032 14.1301650758 14.1301650758 14.1301650758
208 524288 4047.0 4047.0 4047.0 53.8927126266 53.8927126266 53.8927126266 13.4731781567 13.4731781567 13.4731781567
224 524288 4778.0 4778.0 4778.0 49.1588580996 49.1588580996 49.1588580996 12.2897145249 12.2897145249 12.2897145249
240 524288 5364.0 5364.0 5364.0 46.9161521253 46.9161521253 46.9161521253 11.7290380313 11.7290380313 11.7290380313
264 262144 965.0 965.0 965.0 143.432157513 143.432157513 143.432157513 35.8580393782 35.8580393782 35.8580393782
288 262144 1457.0 1457.0 1457.0 103.634141386 103.634141386 103.634141386 25.9085353466 25.9085353466 25.9085353466
312 262144 1845.0 1845.0 1845.0 88.6600845528 88.6600845528 88.6600845528 22.1650211382 22.1650211382 22.1650211382
336 262144 2366.0 2366.0 2366.0 74.4551005917 74.4551005917 74.4551005917 18.6137751479 18.6137751479 18.6137751479
368 262144 2822.0 2822.0 2822.0 68.3692360028 68.3692360028 68.3692360028 17.0923090007 17.0923090007 17.0923090007
400 262144 1470.0 1470.0 1470.0 142.663401361 142.663401361 142.663401361 35.6658503401 35.6658503401 35.6658503401
440 262144 2148.0 2148.0 2148.0 107.396052142 107.396052142 107.396052142 26.8490130354 26.8490130354 26.8490130354
480 262144 2871.0 2871.0 2871.0 87.6552560084 87.6552560084 87.6552560084 21.9138140021 21.9138140021 21.9138140021
528 131072 877.0 877.0 877.0 157.824437856 157.824437856 157.824437856 39.4561094641 39.4561094641 39.4561094641
576 131072 1310.0 1310.0 1310.0 115.263316031 115.263316031 115.263316031 28.8158290076 28.8158290076 28.8158290076
632 131072 1713.0 1713.0 1713.0 96.7162918856 96.7162918856 96.7162918856 24.1790729714 24.1790729714 24.1790729714
688 131072 1256.0 1256.0 1256.0 143.594802548 143.594802548 143.594802548 35.8987006369 35.8987006369 35.8987006369
752 131072 1832.0 1832.0 1832.0 107.604960699 107.604960699 107.604960699 26.9012401747 26.9012401747 26.9012401747
824 131072 1516.0 1516.0 1516.0 142.484601583 142.484601583 142.484601583 35.6211503958 35.6211503958 35.6211503958
904 131072 1256.0 1256.0 1256.0 188.67689172 188.67689172 188.67689172 47.1692229299 47.1692229299 47.1692229299
992 131072 1999.0 1999.0 1999.0 130.088468234 130.088468234 130.088468234 32.5221170585 32.5221170585 32.5221170585
1088 65536 947.0 947.0 947.0 150.587472017 150.587472017 150.587472017 37.6468680042 37.6468680042 37.6468680042
1192 65536 902.0 902.0 902.0 173.212665188 173.212665188 173.212665188 43.3031662971 43.3031662971 43.3031662971
1304 65536 931.0 931.0 931.0 183.585271751 183.585271751 183.585271751 45.8963179377 45.8963179377 45.8963179377
1432 65536 998.0 998.0 998.0 188.071246493 188.071246493 188.071246493 47.0178116232 47.0178116232 47.0178116232
1568 65536 1104.0 1104.0 1104.0 186.160231884 186.160231884 186.160231884 46.540057971 46.540057971 46.540057971
1720 65536 1277.0 1277.0 1277.0 176.541769773 176.541769773 176.541769773 44.1354424432 44.1354424432 44.1354424432
1888 65536 1534.0 1534.0 1534.0 161.319384615 161.319384615 161.319384615 40.3298461538 40.3298461538 40.3298461538
2072 32768 716.0 716.0 716.0 189.651664804 189.651664804 189.651664804 47.4129162011 47.4129162011 47.4129162011
2272 32768 903.0 903.0 903.0 164.892349945 164.892349945 164.892349945 41.2230874862 41.2230874862 41.2230874862
2496 32768 889.0 889.0 889.0 184.002087739 184.002087739 184.002087739 46.0005219348 46.0005219348 46.0005219348
2744 32768 983.0 983.0 983.0 182.940777213 182.940777213 182.940777213 45.7351943032 45.7351943032 45.7351943032
3016 32768 1077.0 1077.0 1077.0 183.525140204 183.525140204 183.525140204 45.8812850511 45.8812850511 45.8812850511
3312 32768 1268.0 1268.0 1268.0 171.179205047 171.179205047 171.179205047 42.7948012618 42.7948012618 42.7948012618
3640 32768 1235.0 1235.0 1235.0 193.158736842 193.158736842 193.158736842 48.2896842105 48.2896842105 48.2896842105
4000 32768 1341.0 1341.0 1341.0 195.483967189 195.483967189 195.483967189 48.8709917972 48.8709917972 48.8709917972
4400 16384 866.0 866.0 866.0 166.488683603 166.488683603 166.488683603 41.6221709007 41.6221709007 41.6221709007
4840 16384 960.0 960.0 960.0 165.205333333 165.205333333 165.205333333 41.3013333333 41.3013333333 41.3013333333
5320 16384 1014.0 1014.0 1014.0 171.918895464 171.918895464 171.918895464 42.9797238659 42.9797238659 42.9797238659
5848 16384 1110.0 1110.0 1110.0 172.637174775 172.637174775 172.637174775 43.1592936937 43.1592936937 43.1592936937
6432 16384 1169.0 1169.0 1169.0 180.294076989 180.294076989 180.294076989 45.0735192472 45.0735192472 45.0735192472
7072 16384 1265.0 1265.0 1265.0 183.189957312 183.189957312 183.189957312 45.7974893281 45.7974893281 45.7974893281
7776 16384 1397.0 1397.0 1397.0 182.393677881 182.393677881 182.393677881 45.5984194703 45.5984194703 45.5984194703
8552 8192 834.0 834.0 834.0 168.004757794 168.004757794 168.004757794 42.0011894484 42.0011894484 42.0011894484
9400 8192 895.0 895.0 895.0 172.077765363 172.077765363 172.077765363 43.0194413408 43.0194413408 43.0194413408
10336 8192 968.0 968.0 968.0 174.943206612 174.943206612 174.943206612 43.7358016529 43.7358016529 43.7358016529
11368 8192 1049.0 1049.0 1049.0 177.553204957 177.553204957 177.553204957 44.3883012393 44.3883012393 44.3883012393
12504 8192 1216.0 1216.0 1216.0 168.474947368 168.474947368 168.474947368 42.1187368421 42.1187368421 42.1187368421
13752 8192 1300.0 1300.0 1300.0 173.317513846 173.317513846 173.317513846 43.3293784615 43.3293784615 43.3293784615
15120 8192 1386.0 1386.0 1386.0 178.734545455 178.734545455 178.734545455 44.6836363636 44.6836363636 44.6836363636
16632 4096 802.0 802.0 802.0 169.886962594 169.886962594 169.886962594 42.4717406484 42.4717406484 42.4717406484
18288 4096 872.0 872.0 872.0 171.80653211 171.80653211 171.80653211 42.9516330275 42.9516330275 42.9516330275
20112 4096 936.0 936.0 936.0 176.022974359 176.022974359 176.022974359 44.0057435897 44.0057435897 44.0057435897
22120 4096 1072.0 1072.0 1072.0 169.03641791 169.03641791 169.03641791 42.2591044776 42.2591044776 42.2591044776
24328 4096 1124.0 1124.0 1124.0 177.308697509 177.308697509 177.308697509 44.3271743772 44.3271743772 44.3271743772
26760 4096 1253.0 1253.0 1253.0 174.954445331 174.954445331 174.954445331 43.7386113328 43.7386113328 43.7386113328
29432 4096 1408.0 1408.0 1408.0 171.240727273 171.240727273 171.240727273 42.8101818182 42.8101818182 42.8101818182
32368 4096 1524.0 1524.0 1524.0 173.988619423 173.988619423 173.988619423 43.4971548556 43.4971548556 43.4971548556
35600 2048 1004.0 1004.0 1004.0 145.236653386 145.236653386 145.236653386 36.3091633466 36.3091633466 36.3091633466
39160 2048 1183.0 1183.0 1183.0 135.586948436 135.586948436 135.586948436 33.896737109 33.896737109 33.896737109
43072 2048 1302.0 1302.0 1302.0 135.50146851 135.50146851 135.50146851 33.8753671275 33.8753671275 33.8753671275
47376 2048 1441.0 1441.0 1441.0 134.66488272 134.66488272 134.66488272 33.6662206801 33.6662206801 33.6662206801
52112 2048 1582.0 1582.0 1582.0 134.924621997 134.924621997 134.924621997 33.7311554994 33.7311554994 33.7311554994
57320 2048 1730.0 1730.0 1730.0 135.712554913 135.712554913 135.712554913 33.9281387283 33.9281387283 33.9281387283
63048 2048 1937.0 1937.0 1937.0 133.321945276 133.321945276 133.321945276 33.3304863191 33.3304863191 33.3304863191
69352 1024 1068.0 1068.0 1068.0 132.989602996 132.989602996 132.989602996 33.2474007491 33.2474007491 33.2474007491
76280 1024 1202.0 1202.0 1202.0 129.967920133 129.967920133 129.967920133 32.4919800333 32.4919800333 32.4919800333
83904 1024 1260.0 1260.0 1260.0 136.377295238 136.377295238 136.377295238 34.0943238095 34.0943238095 34.0943238095
92288 1024 1393.0 1393.0 1393.0 135.682572864 135.682572864 135.682572864 33.9206432161 33.9206432161 33.9206432161
101512 1024 1543.0 1543.0 1543.0 134.73530525 134.73530525 134.73530525 33.6838263124 33.6838263124 33.6838263124
111656 1024 1743.0 1743.0 1743.0 131.194198508 131.194198508 131.194198508 32.7985496271 32.7985496271 32.7985496271
122816 1024 1952.0 1952.0 1952.0 128.856131148 128.856131148 128.856131148 32.2140327869 32.2140327869 32.2140327869
135096 512 1026.0 1026.0 1026.0 134.832654971 134.832654971 134.832654971 33.7081637427 33.7081637427 33.7081637427
148600 512 1125.0 1125.0 1125.0 135.259022222 135.259022222 135.259022222 33.8147555556 33.8147555556 33.8147555556
163456 512 1290.0 1290.0 1290.0 129.75111938 129.75111938 129.75111938 32.437779845 32.437779845 32.437779845
179800 512 1384.0 1384.0 1384.0 133.031213873 133.031213873 133.031213873 33.2578034682 33.2578034682 33.2578034682
197776 512 1644.0 1644.0 1644.0 123.188944039 123.188944039 123.188944039 30.7972360097 30.7972360097 30.7972360097
217552 512 1874.0 1874.0 1874.0 118.87579936 118.87579936 118.87579936 29.7189498399 29.7189498399 29.7189498399
239304 512 2087.0 2087.0 2087.0 117.416049832 117.416049832 117.416049832 29.3540124581 29.3540124581 29.3540124581
263232 256 1201.0 1201.0 1201.0 112.21880433 112.21880433 112.21880433 28.0547010824 28.0547010824 28.0547010824
289552 256 1327.0 1327.0 1327.0 111.7186315 111.7186315 111.7186315 27.9296578749 27.9296578749 27.9296578749
318504 256 1579.0 1579.0 1579.0 103.27678784 103.27678784 103.27678784 25.8191969601 25.8191969601 25.8191969601
350352 256 1832.0 1832.0 1832.0 97.9149694323 97.9149694323 97.9149694323 24.4787423581 24.4787423581 24.4787423581
385384 256 2016.0 2016.0 2016.0 97.8753015873 97.8753015873 97.8753015873 24.4688253968 24.4688253968 24.4688253968
423920 256 2321.0 2321.0 2321.0 93.5144506678 93.5144506678 93.5144506678 23.378612667 23.378612667 23.378612667
466312 256 2599.0 2599.0 2599.0 91.8629257407 91.8629257407 91.8629257407 22.9657314352 22.9657314352 22.9657314352
512936 256 2894.0 2894.0 2894.0 90.7474885971 90.7474885971 90.7474885971 22.6868721493 22.6868721493 22.6868721493
564224 128 1596.0 1596.0 1596.0 90.5020952381 90.5020952381 90.5020952381 22.6255238095 22.6255238095 22.6255238095
620640 128 1789.0 1789.0 1789.0 88.8115371716 88.8115371716 88.8115371716 22.2028842929 22.2028842929 22.2028842929
682704 128 1988.0 1988.0 1988.0 87.9135935614 87.9135935614 87.9135935614 21.9783983903 21.9783983903 21.9783983903
750968 128 2092.0 2092.0 2092.0 91.8966577438 91.8966577438 91.8966577438 22.9741644359 22.9741644359 22.9741644359
826064 128 2346.0 2346.0 2346.0 90.1416811594 90.1416811594 90.1416811594 22.5354202899 22.5354202899 22.5354202899
908664 128 2578.0 2578.0 2578.0 90.2319565555 90.2319565555 90.2319565555 22.5579891389 22.5579891389 22.5579891389
999528 128 2867.0 2867.0 2867.0 89.2497970003 89.2497970003 89.2497970003 22.3124492501 22.3124492501 22.3124492501
1099480 64 1559.0 1559.0 1559.0 90.2716100064 90.2716100064 90.2716100064 22.5679025016 22.5679025016 22.5679025016
1209424 64 1813.0 1813.0 1813.0 85.3868019857 85.3868019857 85.3868019857 21.3467004964 21.3467004964 21.3467004964
1330360 64 2033.0 2033.0 2033.0 83.7609837678 83.7609837678 83.7609837678 20.940245942 20.940245942 20.940245942
1463392 64 2183.0 2183.0 2183.0 85.8058524966 85.8058524966 85.8058524966 21.4514631241 21.4514631241 21.4514631241
1609728 64 2403.0 2403.0 2403.0 85.7449787765 85.7449787765 85.7449787765 21.4362446941 21.4362446941 21.4362446941
1770696 64 2655.0 2655.0 2655.0 85.3668881356 85.3668881356 85.3668881356 21.3417220339 21.3417220339 21.3417220339
1947760 64 2925.0 2925.0 2925.0 85.2353094017 85.2353094017 85.2353094017 21.3088273504 21.3088273504 21.3088273504
2142536 32 1599.0 1599.0 1599.0 85.7550368981 85.7550368981 85.7550368981 21.4387592245 21.4387592245 21.4387592245
2356784 32 1777.0 1777.0 1777.0 84.8813595948 84.8813595948 84.8813595948 21.2203398987 21.2203398987 21.2203398987
2592456 32 1947.0 1947.0 1947.0 85.2168382126 85.2168382126 85.2168382126 21.3042095532 21.3042095532 21.3042095532
2851696 32 2031.0 2031.0 2031.0 89.8614199902 89.8614199902 89.8614199902 22.4653549975 22.4653549975 22.4653549975
3136864 32 2210.0 2210.0 2210.0 90.8413104072 90.8413104072 90.8413104072 22.7103276018 22.7103276018 22.7103276018
3450544 32 2429.0 2429.0 2429.0 90.9159390696 90.9159390696 90.9159390696 22.7289847674 22.7289847674 22.7289847674
3795592 32 2719.0 2719.0 2719.0 89.3408929754 89.3408929754 89.3408929754 22.3352232438 22.3352232438 22.3352232438
4175144 32 3234.0 3234.0 3234.0 82.6249894867 82.6249894867 82.6249894867 20.6562473717 20.6562473717 20.6562473717
4592656 16 1743.0 1743.0 1743.0 84.3172644865 84.3172644865 84.3172644865 21.0793161216 21.0793161216 21.0793161216
5051920 16 1832.0 1832.0 1832.0 88.2431441048 88.2431441048 88.2431441048 22.0607860262 22.0607860262 22.0607860262
5557112 16 2082.0 2082.0 2082.0 85.4119039385 85.4119039385 85.4119039385 21.3529759846 21.3529759846 21.3529759846
6112816 16 2275.0 2275.0 2275.0 85.9824668132 85.9824668132 85.9824668132 21.4956167033 21.4956167033 21.4956167033
6724096 16 2838.0 2838.0 2838.0 75.8178548273 75.8178548273 75.8178548273 18.9544637068 18.9544637068 18.9544637068
7396504 16 3757.0 3757.0 3757.0 62.9992355603 62.9992355603 62.9992355603 15.7498088901 15.7498088901 15.7498088901
8136152 16 4167.0 4167.0 4167.0 62.4806489081 62.4806489081 62.4806489081 15.620162227 15.620162227 15.620162227
8949760 8 2477.0 2477.0 2477.0 57.8103189342 57.8103189342 57.8103189342 14.4525797335 14.4525797335 14.4525797335
9844736 8 3865.0 3865.0 3865.0 40.7544051746 40.7544051746 40.7544051746 10.1886012937 10.1886012937 10.1886012937
10829208 8 3345.0 3345.0 3345.0 51.7989022422 51.7989022422 51.7989022422 12.9497255605 12.9497255605 12.9497255605
11912128 8 4392.0 4392.0 4392.0 43.3957304189 43.3957304189 43.3957304189 10.8489326047 10.8489326047 10.8489326047
13103336 8 3904.0 3904.0 3904.0 53.7021967213 53.7021967213 53.7021967213 13.4255491803 13.4255491803 13.4255491803
14413664 8 5324.0 5324.0 5324.0 43.3167963937 43.3167963937 43.3167963937 10.8291990984 10.8291990984 10.8291990984
15855024 8 6195.0 6195.0 6195.0 40.9492145278 40.9492145278 40.9492145278 10.237303632 10.237303632 10.237303632
17440520 4 3969.0 3969.0 3969.0 35.1534794659 35.1534794659 35.1534794659 8.78836986647 8.78836986647 8.78836986647
19184568 4 3693.0 3693.0 3693.0 41.5587717303 41.5587717303 41.5587717303 10.3896929326 10.3896929326 10.3896929326
21103024 4 4899.0 4899.0 4899.0 34.4609495815 34.4609495815 34.4609495815 8.61523739539 8.61523739539 8.61523739539
23213320 4 5147.0 5147.0 5147.0 36.0805440062 36.0805440062 36.0805440062 9.02013600155 9.02013600155 9.02013600155
25534648 4 6717.0 6717.0 6717.0 30.4119672473 30.4119672473 30.4119672473 7.60299181182 7.60299181182 7.60299181182
28088112 4 6996.0 6996.0 6996.0 32.1190531732 32.1190531732 32.1190531732 8.02976329331 8.02976329331 8.02976329331
30896920 4 8212.0 8212.0 8212.0 30.0992888456 30.0992888456 30.0992888456 7.5248222114 7.5248222114 7.5248222114
33986608 2 4507.0 4507.0 4507.0 30.1633973819 30.1633973819 30.1633973819 7.54084934546 7.54084934546 7.54084934546
37385264 2 4853.0 4853.0 4853.0 30.8141471255 30.8141471255 30.8141471255 7.70353678137 7.70353678137 7.70353678137
41123784 2 6042.0 6042.0 6042.0 27.2252790467 27.2252790467 27.2252790467 6.80631976167 6.80631976167 6.80631976167
45236160 2 6080.0 6080.0 6080.0 29.7606315789 29.7606315789 29.7606315789 7.44015789474 7.44015789474 7.44015789474
49759776 2 6782.0 6782.0 6782.0 29.3481427308 29.3481427308 29.3481427308 7.33703568269 7.33703568269 7.33703568269
54735752 2 8045.0 8045.0 8045.0 27.2147927906 27.2147927906 27.2147927906 6.80369819764 6.80369819764 6.80369819764
60209320 2 8213.0 8213.0 8213.0 29.323910873 29.323910873 29.323910873 7.33097771825 7.33097771825 7.33097771825
66230248 2 8740.0 8740.0 8740.0 30.3113263158 30.3113263158 30.3113263158 7.57783157895 7.57783157895 7.57783157895
72853272 1 4973.0 4973.0 4973.0 29.2995262417 29.2995262417 29.2995262417 7.32488156043 7.32488156043 7.32488156043
80138592 1 5303.0 5303.0 5303.0 30.2238702621 30.2238702621 30.2238702621 7.55596756553 7.55596756553 7.55596756553
88152448 1 5827.0 5827.0 5827.0 30.2565464218 30.2565464218 30.2565464218 7.56413660546 7.56413660546 7.56413660546
96967688 1 6478.0 6478.0 6478.0 29.9375387465 29.9375387465 29.9375387465 7.48438468663 7.48438468663 7.48438468663
106664456 1 7244.0 7244.0 7244.0 29.4490491441 29.4490491441 29.4490491441 7.36226228603 7.36226228603 7.36226228603
117330896 1 8290.0 8290.0 8290.0 28.3066094089 28.3066094089 28.3066094089 7.07665235223 7.07665235223 7.07665235223
129063984 1 9678.0 9678.0 9678.0 26.6716230626 26.6716230626 26.6716230626 6.66790576565 6.66790576565 6.66790576565

META_DATA
ERT_VERSION  1.1.0
HOSTNAME  ('0628fe9e77d8', [], ['172.17.0.2'])
FLOPS          4
UNAME  ('Linux', '0628fe9e77d8', '4.19.76-linuxkit', '#1 SMP Fri Apr 3 15:53:26 UTC 2020', 'x86_64', 'x86_64')
CONFIG  {'ERT_WORKING_SET_MIN': ['1'], 'ERT_CFLAGS': ['-Ofast', '-march=native'], 'ERT_CC': ['cc'], 'ERT_MPI_CFLAGS': [], 'ERT_MPI_LDFLAGS': [], 'ERT_MEMORY_MAX': ['134217728', '#', '128MB'], 'ERT_LDFLAGS': [], 'ERT_LDLIBS': [], 'ERT_RUN': ['./ERT_CODE'], 'ERT_FLOPS': ['1,4,16,64'], 'ERT_OPENMP_CFLAGS': ['-fopenmp'], 'ERT_MPI': ['False'], 'ERT_TRIALS_MIN': ['1'], 'ERT_DRIVER': ['driver1'], 'ERT_RESULTS': ['Sequential'], 'ERT_OPENMP': ['False'], 'ERT_KERNEL': ['kernel1'], 'ERT_GPU': [False], 'ERT_LD': ['cc'], 'ERT_NUM_EXPERIMENTS': ['1'], 'ERT_OPENMP_LDFLAGS': ['-fopenmp'], 'ERT_ALIGN': ['64'], 'ERT_GNUPLOT': ['gnuplot']}
TIMESTAMP_DATA  1589925764.13
