8 16777216 483400.0 483400.0 483400.0 0.555307107985 0.555307107985 0.555307107985 2.22122843194 2.22122843194 2.22122843194
16 8388608 242361.0 242361.0 242361.0 1.10758519729 1.10758519729 1.10758519729 4.43034078915 4.43034078915 4.43034078915
24 4194304 122046.0 122046.0 122046.0 1.6495959884 1.6495959884 1.6495959884 6.59838395359 6.59838395359 6.59838395359
32 4194304 121720.0 121720.0 121720.0 2.20535208676 2.20535208676 2.20535208676 8.82140834703 8.82140834703 8.82140834703
40 2097152 60832.0 60832.0 60832.0 2.75795896896 2.75795896896 2.75795896896 11.0318358759 11.0318358759 11.0318358759
48 2097152 61165.0 61165.0 61165.0 3.29153260852 3.29153260852 3.29153260852 13.1661304341 13.1661304341 13.1661304341
56 2097152 65189.0 65189.0 65189.0 3.60307757444 3.60307757444 3.60307757444 14.4123102977 14.4123102977 14.4123102977
64 2097152 61252.0 61252.0 61252.0 4.38247658852 4.38247658852 4.38247658852 17.5299063541 17.5299063541 17.5299063541
72 1048576 30620.0 30620.0 30620.0 4.93125225343 4.93125225343 4.93125225343 19.7250090137 19.7250090137 19.7250090137
80 1048576 33429.0 33429.0 33429.0 5.01876095606 5.01876095606 5.01876095606 20.0750438242 20.0750438242 20.0750438242
88 1048576 41657.0 41657.0 41657.0 4.43021283338 4.43021283338 4.43021283338 17.7208513335 17.7208513335 17.7208513335
96 1048576 30657.0 30657.0 30657.0 6.56706761914 6.56706761914 6.56706761914 26.2682704766 26.2682704766 26.2682704766
104 1048576 33466.0 33466.0 33466.0 6.51717588 6.51717588 6.51717588 26.06870352 26.06870352 26.06870352
112 1048576 41351.0 41351.0 41351.0 5.68017760151 5.68017760151 5.68017760151 22.720710406 22.720710406 22.720710406
120 1048576 49413.0 49413.0 49413.0 5.09295610467 5.09295610467 5.09295610467 20.3718244187 20.3718244187 20.3718244187
128 1048576 34126.0 34126.0 34126.0 7.86600996308 7.86600996308 7.86600996308 31.4640398523 31.4640398523 31.4640398523
136 524288 21026.0 21026.0 21026.0 6.78238067155 6.78238067155 6.78238067155 27.1295226862 27.1295226862 27.1295226862
144 524288 25381.0 25381.0 25381.0 5.94913297348 5.94913297348 5.94913297348 23.7965318939 23.7965318939 23.7965318939
152 524288 28902.0 28902.0 28902.0 5.51462016469 5.51462016469 5.51462016469 22.0584806588 22.0584806588 22.0584806588
160 524288 20892.0 20892.0 20892.0 8.03044993299 8.03044993299 8.03044993299 32.121799732 32.121799732 32.121799732
176 524288 28940.0 28940.0 28940.0 6.37696530753 6.37696530753 6.37696530753 25.5078612301 25.5078612301 25.5078612301
192 524288 25325.0 25325.0 25325.0 7.94971735439 7.94971735439 7.94971735439 31.7988694176 31.7988694176 31.7988694176
208 524288 33387.0 33387.0 33387.0 6.53259675922 6.53259675922 6.53259675922 26.1303870369 26.1303870369 26.1303870369
224 524288 29101.0 29101.0 29101.0 8.07123549019 8.07123549019 8.07123549019 32.2849419608 32.2849419608 32.2849419608
240 524288 37211.0 37211.0 37211.0 6.76300663782 6.76300663782 6.76300663782 27.0520265513 27.0520265513 27.0520265513
264 262144 18785.0 18785.0 18785.0 7.36822102742 7.36822102742 7.36822102742 29.4728841097 29.4728841097 29.4728841097
288 262144 19056.0 19056.0 19056.0 7.92374811083 7.92374811083 7.92374811083 31.6949924433 31.6949924433 31.6949924433
312 262144 24701.0 24701.0 24701.0 6.62231715315 6.62231715315 6.62231715315 26.4892686126 26.4892686126 26.4892686126
336 262144 25077.0 25077.0 25077.0 7.02479435339 7.02479435339 7.02479435339 28.0991774136 28.0991774136 28.0991774136
368 262144 26954.0 26954.0 26954.0 7.15804644951 7.15804644951 7.15804644951 28.632185798 28.632185798 28.632185798
400 262144 29125.0 29125.0 29125.0 7.20052188841 7.20052188841 7.20052188841 28.8020875536 28.8020875536 28.8020875536
440 262144 32952.0 32952.0 32952.0 7.00068948774 7.00068948774 7.00068948774 28.002757951 28.002757951 28.002757951
480 262144 31087.0 31087.0 31087.0 8.09528870589 8.09528870589 8.09528870589 32.3811548236 32.3811548236 32.3811548236
528 131072 18696.0 18696.0 18696.0 7.40329653402 7.40329653402 7.40329653402 29.6131861361 29.6131861361 29.6131861361
576 131072 18733.0 18733.0 18733.0 8.06037175039 8.06037175039 8.06037175039 32.2414870015 32.2414870015 32.2414870015
632 131072 22698.0 22698.0 22698.0 7.29910159485 7.29910159485 7.29910159485 29.1964063794 29.1964063794 29.1964063794
688 131072 23780.0 23780.0 23780.0 7.5843175778 7.5843175778 7.5843175778 30.3372703112 30.3372703112 30.3372703112
752 131072 25919.0 25919.0 25919.0 7.60570577569 7.60570577569 7.60570577569 30.4228231027 30.4228231027 30.4228231027
824 131072 28984.0 28984.0 28984.0 7.45261716809 7.45261716809 7.45261716809 29.8104686724 29.8104686724 29.8104686724
904 131072 30085.0 30085.0 30085.0 7.8769544956 7.8769544956 7.8769544956 31.5078179824 31.5078179824 31.5078179824
992 131072 32169.0 32169.0 32169.0 8.08377158134 8.08377158134 8.08377158134 32.3350863253 32.3350863253 32.3350863253
1088 65536 17714.0 17714.0 17714.0 8.05048752399 8.05048752399 8.05048752399 32.201950096 32.201950096 32.201950096
1192 65536 19693.0 19693.0 19693.0 7.93367308181 7.93367308181 7.93367308181 31.7346923272 31.7346923272 31.7346923272
1304 65536 22324.0 22324.0 22324.0 7.65623938362 7.65623938362 7.65623938362 30.6249575345 30.6249575345 30.6249575345
1432 65536 24329.0 24329.0 24329.0 7.71487130585 7.71487130585 7.71487130585 30.8594852234 30.8594852234 30.8594852234
1568 65536 25401.0 25401.0 25401.0 8.09105531278 8.09105531278 8.09105531278 32.3642212511 32.3642212511 32.3642212511
1720 65536 28966.0 28966.0 28966.0 7.78305047297 7.78305047297 7.78305047297 31.1322018919 31.1322018919 31.1322018919
1888 65536 30850.0 30850.0 30850.0 8.02152142626 8.02152142626 8.02152142626 32.086085705 32.086085705 32.086085705
2072 32768 17346.0 17346.0 17346.0 7.82835189669 7.82835189669 7.82835189669 31.3134075868 31.3134075868 31.3134075868
2272 32768 18433.0 18433.0 18433.0 8.07778397439 8.07778397439 8.07778397439 32.3111358976 32.3111358976 32.3111358976
2496 32768 20258.0 20258.0 20258.0 8.0747287985 8.0747287985 8.0747287985 32.298915194 32.298915194 32.298915194
2744 32768 22814.0 22814.0 22814.0 7.88247497151 7.88247497151 7.88247497151 31.529899886 31.529899886 31.529899886
3016 32768 24585.0 24585.0 24585.0 8.03972243238 8.03972243238 8.03972243238 32.1588897295 32.1588897295 32.1588897295
3312 32768 27283.0 27283.0 27283.0 7.95569519481 7.95569519481 7.95569519481 31.8227807792 31.8227807792 31.8227807792
3640 32768 30026.0 30026.0 30026.0 7.94481582628 7.94481582628 7.94481582628 31.7792633051 31.7792633051 31.7792633051
4000 32768 32438.0 32438.0 32438.0 8.08138602873 8.08138602873 8.08138602873 32.3255441149 32.3255441149 32.3255441149
4400 16384 17992.0 17992.0 17992.0 8.01351711872 8.01351711872 8.01351711872 32.0540684749 32.0540684749 32.0540684749
4840 16384 19688.0 19688.0 19688.0 8.05552214547 8.05552214547 8.05552214547 32.2220885819 32.2220885819 32.2220885819
5320 16384 21588.0 21588.0 21588.0 8.0751232166 8.0751232166 8.0751232166 32.3004928664 32.3004928664 32.3004928664
5848 16384 23932.0 23932.0 23932.0 8.00715627612 8.00715627612 8.00715627612 32.0286251045 32.0286251045 32.0286251045
6432 16384 26033.0 26033.0 26033.0 8.09602335497 8.09602335497 8.09602335497 32.3840934199 32.3840934199 32.3840934199
7072 16384 28627.0 28627.0 28627.0 8.09499060328 8.09499060328 8.09499060328 32.3799624131 32.3799624131 32.3799624131
7776 16384 31478.0 31478.0 31478.0 8.09466827626 8.09466827626 8.09466827626 32.378673105 32.378673105 32.378673105
8552 8192 17354.0 17354.0 17354.0 8.07398686182 8.07398686182 8.07398686182 32.2959474473 32.2959474473 32.2959474473
9400 8192 19100.0 19100.0 19100.0 8.06332984293 8.06332984293 8.06332984293 32.2533193717 32.2533193717 32.2533193717
10336 8192 20872.0 20872.0 20872.0 8.11350249138 8.11350249138 8.11350249138 32.4540099655 32.4540099655 32.4540099655
11368 8192 23007.0 23007.0 23007.0 8.09550623723 8.09550623723 8.09550623723 32.3820249489 32.3820249489 32.3820249489
12504 8192 25352.0 25352.0 25352.0 8.08084316819 8.08084316819 8.08084316819 32.3233726728 32.3233726728 32.3233726728
13752 8192 27842.0 27842.0 27842.0 8.09254967316 8.09254967316 8.09254967316 32.3701986926 32.3701986926 32.3701986926
15120 8192 30716.0 30716.0 30716.0 8.06505013674 8.06505013674 8.06505013674 32.2602005469 32.2602005469 32.2602005469
16632 4096 16887.0 16887.0 16887.0 8.06829774383 8.06829774383 8.06829774383 32.2731909753 32.2731909753 32.2731909753
18288 4096 18544.0 18544.0 18544.0 8.07890940466 8.07890940466 8.07890940466 32.3156376186 32.3156376186 32.3156376186
20112 4096 20392.0 20392.0 20392.0 8.07951667321 8.07951667321 8.07951667321 32.3180666928 32.3180666928 32.3180666928
22120 4096 22421.0 22421.0 22421.0 8.08202310334 8.08202310334 8.08202310334 32.3280924134 32.3280924134 32.3280924134
24328 4096 24707.0 24707.0 24707.0 8.06633650382 8.06633650382 8.06633650382 32.2653460153 32.2653460153 32.2653460153
26760 4096 26988.0 26988.0 26988.0 8.12279235216 8.12279235216 8.12279235216 32.4911694086 32.4911694086 32.4911694086
29432 4096 29741.0 29741.0 29741.0 8.10688759625 8.10688759625 8.10688759625 32.427550385 32.427550385 32.427550385
32368 4096 32940.0 32940.0 32940.0 8.04974669095 8.04974669095 8.04974669095 32.1989867638 32.1989867638 32.1989867638
35600 2048 18051.0 18051.0 18051.0 8.07808985652 8.07808985652 8.07808985652 32.3123594261 32.3123594261 32.3123594261
39160 2048 19898.0 19898.0 19898.0 8.06107950548 8.06107950548 8.06107950548 32.2443180219 32.2443180219 32.2443180219
43072 2048 21840.0 21840.0 21840.0 8.07797216117 8.07797216117 8.07797216117 32.3118886447 32.3118886447 32.3118886447
47376 2048 23994.0 23994.0 23994.0 8.08752588147 8.08752588147 8.08752588147 32.3501035259 32.3501035259 32.3501035259
52112 2048 26448.0 26448.0 26448.0 8.07058197217 8.07058197217 8.07058197217 32.2823278887 32.2823278887 32.2823278887
57320 2048 29064.0 29064.0 29064.0 8.07812826865 8.07812826865 8.07812826865 32.3125130746 32.3125130746 32.3125130746
63048 2048 31832.0 31832.0 31832.0 8.11273586328 8.11273586328 8.11273586328 32.4509434531 32.4509434531 32.4509434531
69352 1024 17540.0 17540.0 17540.0 8.09765655644 8.09765655644 8.09765655644 32.3906262258 32.3906262258 32.3906262258
76280 1024 19581.0 19581.0 19581.0 7.97821561718 7.97821561718 7.97821561718 31.9128624687 31.9128624687 31.9128624687
83904 1024 21581.0 21581.0 21581.0 7.96234613781 7.96234613781 7.96234613781 31.8493845512 31.8493845512 31.8493845512
92288 1024 23387.0 23387.0 23387.0 8.08166177791 8.08166177791 8.08166177791 32.3266471116 32.3266471116 32.3266471116
101512 1024 25766.0 25766.0 25766.0 8.06863991306 8.06863991306 8.06863991306 32.2745596523 32.2745596523 32.2745596523
111656 1024 28332.0 28332.0 28332.0 8.07113821827 8.07113821827 8.07113821827 32.2845528731 32.2845528731 32.2845528731
122816 1024 31185.0 31185.0 31185.0 8.06564591951 8.06564591951 8.06564591951 32.2625836781 32.2625836781 32.2625836781
135096 512 17097.0 17097.0 17097.0 8.09137883839 8.09137883839 8.09137883839 32.3655153536 32.3655153536 32.3655153536
148600 512 18893.0 18893.0 18893.0 8.05411528079 8.05411528079 8.05411528079 32.2164611232 32.2164611232 32.2164611232
163456 512 20771.0 20771.0 20771.0 8.05829974484 8.05829974484 8.05829974484 32.2331989793 32.2331989793 32.2331989793
179800 512 22882.0 22882.0 22882.0 8.04628965999 8.04628965999 8.04628965999 32.18515864 32.18515864 32.18515864
197776 512 25118.0 25118.0 25118.0 8.06284831595 8.06284831595 8.06284831595 32.2513932638 32.2513932638 32.2513932638
217552 512 27743.0 27743.0 27743.0 8.02989035072 8.02989035072 8.02989035072 32.1195614029 32.1195614029 32.1195614029
239304 512 30450.0 30450.0 30450.0 8.04753024631 8.04753024631 8.04753024631 32.1901209852 32.1901209852 32.1901209852
263232 256 16740.0 16740.0 16740.0 8.05106236559 8.05106236559 8.05106236559 32.2042494624 32.2042494624 32.2042494624
289552 256 18431.0 18431.0 18431.0 8.04354750149 8.04354750149 8.04354750149 32.174190006 32.174190006 32.174190006
318504 256 20280.0 20280.0 20280.0 8.04112662722 8.04112662722 8.04112662722 32.1645065089 32.1645065089 32.1645065089
350352 256 22285.0 22285.0 22285.0 8.04937060803 8.04937060803 8.04937060803 32.1974824321 32.1974824321 32.1974824321
385384 256 24585.0 24585.0 24585.0 8.02589416311 8.02589416311 8.02589416311 32.1035766524 32.1035766524 32.1035766524
423920 256 27021.0 27021.0 27021.0 8.03253173458 8.03253173458 8.03253173458 32.1301269383 32.1301269383 32.1301269383
466312 256 29774.0 29774.0 29774.0 8.01879975818 8.01879975818 8.01879975818 32.0751990327 32.0751990327 32.0751990327
512936 256 32732.0 32732.0 32732.0 8.02343981425 8.02343981425 8.02343981425 32.093759257 32.093759257 32.093759257
564224 128 17979.0 17979.0 17979.0 8.03389198509 8.03389198509 8.03389198509 32.1355679404 32.1355679404 32.1355679404
620640 128 19820.0 19820.0 19820.0 8.01633905146 8.01633905146 8.01633905146 32.0653562059 32.0653562059 32.0653562059
682704 128 21700.0 21700.0 21700.0 8.05401953917 8.05401953917 8.05401953917 32.2160781567 32.2160781567 32.2160781567
750968 128 23945.0 23945.0 23945.0 8.02872449363 8.02872449363 8.02872449363 32.1148979745 32.1148979745 32.1148979745
826064 128 26265.0 26265.0 26265.0 8.05148996764 8.05148996764 8.05148996764 32.2059598706 32.2059598706 32.2059598706
908664 128 28933.0 28933.0 28933.0 8.03988469913 8.03988469913 8.03988469913 32.1595387965 32.1595387965 32.1595387965
999528 128 31882.0 31882.0 31882.0 8.02581920833 8.02581920833 8.02581920833 32.1032768333 32.1032768333 32.1032768333
1099480 64 17511.0 17511.0 17511.0 8.03685911713 8.03685911713 8.03685911713 32.1474364685 32.1474364685 32.1474364685
1209424 64 19282.0 19282.0 19282.0 8.02853811845 8.02853811845 8.02853811845 32.1141524738 32.1141524738 32.1141524738
1330360 64 21231.0 21231.0 21231.0 8.02063397862 8.02063397862 8.02063397862 32.0825359145 32.0825359145 32.0825359145
1463392 64 23395.0 23395.0 23395.0 8.0065901261 8.0065901261 8.0065901261 32.0263605044 32.0263605044 32.0263605044
1609728 64 25707.0 25707.0 25707.0 8.01513922278 8.01513922278 8.01513922278 32.0605568911 32.0605568911 32.0605568911
1770696 64 28410.0 28410.0 28410.0 7.97779260824 7.97779260824 7.97779260824 31.9111704329 31.9111704329 31.9111704329
1947760 64 31116.0 31116.0 31116.0 8.01238205425 8.01238205425 8.01238205425 32.049528217 32.049528217 32.049528217
2142536 32 17102.0 17102.0 17102.0 8.01791041983 8.01791041983 8.01791041983 32.0716416793 32.0716416793 32.0716416793
2356784 32 18780.0 18780.0 18780.0 8.03163876464 8.03163876464 8.03163876464 32.1265550586 32.1265550586 32.1265550586
2592456 32 20671.0 20671.0 20671.0 8.02656784868 8.02656784868 8.02656784868 32.1062713947 32.1062713947 32.1062713947
2851696 32 22712.0 22712.0 22712.0 8.03577597746 8.03577597746 8.03577597746 32.1431039098 32.1431039098 32.1431039098
3136864 32 25135.0 25135.0 25135.0 7.98724074 7.98724074 7.98724074 31.94896296 31.94896296 31.94896296
3450544 32 27564.0 27564.0 27564.0 8.01171150776 8.01171150776 8.01171150776 32.0468460311 32.0468460311 32.0468460311
3795592 32 30440.0 30440.0 30440.0 7.98021971091 7.98021971091 7.98021971091 31.9208788436 31.9208788436 31.9208788436
4175144 32 33476.0 33476.0 33476.0 7.98211303621 7.98211303621 7.98211303621 31.9284521448 31.9284521448 31.9284521448
4592656 16 18395.0 18395.0 18395.0 7.98939885839 7.98939885839 7.98939885839 31.9575954335 31.9575954335 31.9575954335
5051920 16 20387.0 20387.0 20387.0 7.92963359003 7.92963359003 7.92963359003 31.7185343601 31.7185343601 31.7185343601
5557112 16 22365.0 22365.0 22365.0 7.95115510843 7.95115510843 7.95115510843 31.8046204337 31.8046204337 31.8046204337
6112816 16 24702.0 24702.0 24702.0 7.91879653469 7.91879653469 7.91879653469 31.6751861388 31.6751861388 31.6751861388
6724096 16 27204.0 27204.0 27204.0 7.90953800912 7.90953800912 7.90953800912 31.6381520365 31.6381520365 31.6381520365
7396504 16 29980.0 29980.0 29980.0 7.89486751167 7.89486751167 7.89486751167 31.5794700467 31.5794700467 31.5794700467
8136152 16 33162.0 33162.0 33162.0 7.8510603703 7.8510603703 7.8510603703 31.4042414812 31.4042414812 31.4042414812
8949760 8 18397.0 18397.0 18397.0 7.78366907648 7.78366907648 7.78366907648 31.1346763059 31.1346763059 31.1346763059
9844736 8 20246.0 20246.0 20246.0 7.78009364813 7.78009364813 7.78009364813 31.1203745925 31.1203745925 31.1203745925
10829208 8 22245.0 22245.0 22245.0 7.78904598786 7.78904598786 7.78904598786 31.1561839514 31.1561839514 31.1561839514
11912128 8 24686.0 24686.0 24686.0 7.72073434335 7.72073434335 7.72073434335 30.8829373734 30.8829373734 30.8829373734
13103336 8 27460.0 27460.0 27460.0 7.63486438456 7.63486438456 7.63486438456 30.5394575382 30.5394575382 30.5394575382
14413664 8 30027.0 30027.0 30027.0 7.68037512905 7.68037512905 7.68037512905 30.7215005162 30.7215005162 30.7215005162
15855024 8 33185.0 33185.0 33185.0 7.64442923007 7.64442923007 7.64442923007 30.5777169203 30.5777169203 30.5777169203
17440520 4 18378.0 18378.0 18378.0 7.59191206878 7.59191206878 7.59191206878 30.3676482751 30.3676482751 30.3676482751
19184568 4 20307.0 20307.0 20307.0 7.55781474368 7.55781474368 7.55781474368 30.2312589747 30.2312589747 30.2312589747
21103024 4 22368.0 22368.0 22368.0 7.54757653791 7.54757653791 7.54757653791 30.1903061516 30.1903061516 30.1903061516
23213320 4 24661.0 24661.0 24661.0 7.53037427517 7.53037427517 7.53037427517 30.1214971007 30.1214971007 30.1214971007
25534648 4 27237.0 27237.0 27237.0 7.49998839813 7.49998839813 7.49998839813 29.9999535925 29.9999535925 29.9999535925
28088112 4 29937.0 29937.0 29937.0 7.50592564385 7.50592564385 7.50592564385 30.0237025754 30.0237025754 30.0237025754
30896920 4 33257.0 33257.0 33257.0 7.43228072286 7.43228072286 7.43228072286 29.7291228914 29.7291228914 29.7291228914
33986608 2 18361.0 18361.0 18361.0 7.40408648766 7.40408648766 7.40408648766 29.6163459507 29.6163459507 29.6163459507
37385264 2 20237.0 20237.0 20237.0 7.38948737461 7.38948737461 7.38948737461 29.5579494984 29.5579494984 29.5579494984
41123784 2 22270.0 22270.0 22270.0 7.38640035923 7.38640035923 7.38640035923 29.5456014369 29.5456014369 29.5456014369
45236160 2 24495.0 24495.0 24495.0 7.38700306185 7.38700306185 7.38700306185 29.5480122474 29.5480122474 29.5480122474
49759776 2 26883.0 26883.0 26883.0 7.40390224305 7.40390224305 7.40390224305 29.6156089722 29.6156089722 29.6156089722
54735752 2 29426.0 29426.0 29426.0 7.44046108883 7.44046108883 7.44046108883 29.7618443553 29.7618443553 29.7618443553
60209320 2 32552.0 32552.0 32552.0 7.39854018186 7.39854018186 7.39854018186 29.5941607275 29.5941607275 29.5941607275
66230248 2 35769.0 35769.0 35769.0 7.40644110822 7.40644110822 7.40644110822 29.6257644329 29.6257644329 29.6257644329
72853272 1 19625.0 19625.0 19625.0 7.42453727389 7.42453727389 7.42453727389 29.6981490955 29.6981490955 29.6981490955
80138592 1 22331.0 22331.0 22331.0 7.17734019972 7.17734019972 7.17734019972 28.7093607989 28.7093607989 28.7093607989
88152448 1 25221.0 25221.0 25221.0 6.99040069783 6.99040069783 6.99040069783 27.9616027913 27.9616027913 27.9616027913
96967688 1 26679.0 26679.0 26679.0 7.26921458825 7.26921458825 7.26921458825 29.076858353 29.076858353 29.076858353
106664456 1 29284.0 29284.0 29284.0 7.28482830214 7.28482830214 7.28482830214 29.1393132086 29.1393132086 29.1393132086
117330896 1 32157.0 32157.0 32157.0 7.29737823802 7.29737823802 7.29737823802 29.1895129521 29.1895129521 29.1895129521
129063984 1 35233.0 35233.0 35233.0 7.32631249113 7.32631249113 7.32631249113 29.3052499645 29.3052499645 29.3052499645

META_DATA
ERT_VERSION  1.1.0
HOSTNAME  ('13050fbf6aa8', [], ['172.17.0.3'])
UNAME  ('Linux', '13050fbf6aa8', '4.19.76-linuxkit', '#1 SMP Thu Oct 17 19:31:58 UTC 2019', 'x86_64', 'x86_64')
TIMESTAMP_DATA  1588047437.69
FLOPS          64
CONFIG  {'ERT_WORKING_SET_MIN': ['1'], 'ERT_CFLAGS': ['-Ofast', '-march=native'], 'ERT_CC': ['cc'], 'ERT_MPI_CFLAGS': [], 'ERT_MPI_LDFLAGS': [], 'ERT_MEMORY_MAX': ['134217728', '#', '128MB'], 'ERT_LDFLAGS': [], 'ERT_LDLIBS': [], 'ERT_RUN': ['./ERT_CODE'], 'ERT_FLOPS': ['1,4,16,64'], 'ERT_OPENMP_CFLAGS': ['-fopenmp'], 'ERT_MPI': ['False'], 'ERT_TRIALS_MIN': ['1'], 'ERT_DRIVER': ['driver1'], 'ERT_RESULTS': ['Sequential'], 'ERT_OPENMP': ['False'], 'ERT_KERNEL': ['kernel1'], 'ERT_GPU': [False], 'ERT_LD': ['cc'], 'ERT_NUM_EXPERIMENTS': ['1'], 'ERT_OPENMP_LDFLAGS': ['-fopenmp'], 'ERT_ALIGN': ['64'], 'ERT_GNUPLOT': ['gnuplot']}
