8 16777216 47433.0 47433.0 47433.0 5.6592552864 5.6592552864 5.6592552864 1.4148138216 1.4148138216 1.4148138216
16 8388608 23654.0 23654.0 23654.0 11.3484170119 11.3484170119 11.3484170119 2.83710425298 2.83710425298 2.83710425298
24 4194304 11782.0 11782.0 11782.0 17.087641487 17.087641487 17.087641487 4.27191037175 4.27191037175 4.27191037175
32 4194304 12537.0 12537.0 12537.0 21.4114585627 21.4114585627 21.4114585627 5.35286464066 5.35286464066 5.35286464066
40 2097152 6787.0 6787.0 6787.0 24.7196345956 24.7196345956 24.7196345956 6.17990864889 6.17990864889 6.17990864889
48 2097152 7695.0 7695.0 7695.0 26.1632998051 26.1632998051 26.1632998051 6.54082495127 6.54082495127 6.54082495127
56 2097152 9602.0 9602.0 9602.0 24.4616771506 24.4616771506 24.4616771506 6.11541928765 6.11541928765 6.11541928765
64 2097152 10886.0 10886.0 10886.0 24.6587778798 24.6587778798 24.6587778798 6.16469446996 6.16469446996 6.16469446996
72 1048576 6156.0 6156.0 6156.0 24.5280935673 24.5280935673 24.5280935673 6.13202339181 6.13202339181 6.13202339181
80 1048576 6563.0 6563.0 6563.0 25.5633338412 25.5633338412 25.5633338412 6.39083346031 6.39083346031 6.39083346031
88 1048576 7033.0 7033.0 7033.0 26.2404913977 26.2404913977 26.2404913977 6.56012284942 6.56012284942 6.56012284942
96 1048576 7468.0 7468.0 7468.0 26.958568827 26.958568827 26.958568827 6.73964220675 6.73964220675 6.73964220675
104 1048576 7963.0 7963.0 7963.0 27.3896531458 27.3896531458 27.3896531458 6.84741328645 6.84741328645 6.84741328645
112 1048576 8392.0 8392.0 8392.0 27.9886825548 27.9886825548 27.9886825548 6.9971706387 6.9971706387 6.9971706387
120 1048576 8879.0 8879.0 8879.0 28.3430836806 28.3430836806 28.3430836806 7.08577092015 7.08577092015 7.08577092015
128 1048576 3403.0 3403.0 3403.0 78.8820029386 78.8820029386 78.8820029386 19.7205007346 19.7205007346 19.7205007346
136 524288 1692.0 1692.0 1692.0 84.2827044917 84.2827044917 84.2827044917 21.0706761229 21.0706761229 21.0706761229
144 524288 1797.0 1797.0 1797.0 84.0261235392 84.0261235392 84.0261235392 21.0065308848 21.0065308848 21.0065308848
152 524288 2020.0 2020.0 2020.0 78.9027485149 78.9027485149 78.9027485149 19.7256871287 19.7256871287 19.7256871287
160 524288 2280.0 2280.0 2280.0 73.5842807018 73.5842807018 73.5842807018 18.3960701754 18.3960701754 18.3960701754
176 524288 2724.0 2724.0 2724.0 67.7494038179 67.7494038179 67.7494038179 16.9373509545 16.9373509545 16.9373509545
192 524288 3559.0 3559.0 3559.0 56.568303456 56.568303456 56.568303456 14.142075864 14.142075864 14.142075864
208 524288 4145.0 4145.0 4145.0 52.6185302774 52.6185302774 52.6185302774 13.1546325694 13.1546325694 13.1546325694
224 524288 4885.0 4885.0 4885.0 48.0820929376 48.0820929376 48.0820929376 12.0205232344 12.0205232344 12.0205232344
240 524288 5245.0 5245.0 5245.0 47.9805986654 47.9805986654 47.9805986654 11.9951496663 11.9951496663 11.9951496663
264 262144 973.0 973.0 973.0 142.252859198 142.252859198 142.252859198 35.5632147996 35.5632147996 35.5632147996
288 262144 1462.0 1462.0 1462.0 103.279715458 103.279715458 103.279715458 25.8199288646 25.8199288646 25.8199288646
312 262144 1870.0 1870.0 1870.0 87.4747893048 87.4747893048 87.4747893048 21.8686973262 21.8686973262 21.8686973262
336 262144 2354.0 2354.0 2354.0 74.8346508071 74.8346508071 74.8346508071 18.7086627018 18.7086627018 18.7086627018
368 262144 2842.0 2842.0 2842.0 67.8881013371 67.8881013371 67.8881013371 16.9720253343 16.9720253343 16.9720253343
400 262144 1490.0 1490.0 1490.0 140.748456376 140.748456376 140.748456376 35.187114094 35.187114094 35.187114094
440 262144 2145.0 2145.0 2145.0 107.54625641 107.54625641 107.54625641 26.8865641026 26.8865641026 26.8865641026
480 262144 2888.0 2888.0 2888.0 87.1392797784 87.1392797784 87.1392797784 21.7848199446 21.7848199446 21.7848199446
528 131072 882.0 882.0 882.0 156.929741497 156.929741497 156.929741497 39.2324353741 39.2324353741 39.2324353741
576 131072 1333.0 1333.0 1333.0 113.274526632 113.274526632 113.274526632 28.3186316579 28.3186316579 28.3186316579
632 131072 1726.0 1726.0 1726.0 95.9878377752 95.9878377752 95.9878377752 23.9969594438 23.9969594438 23.9969594438
688 131072 1244.0 1244.0 1244.0 144.979961415 144.979961415 144.979961415 36.2449903537 36.2449903537 36.2449903537
752 131072 1858.0 1858.0 1858.0 106.099186222 106.099186222 106.099186222 26.5247965554 26.5247965554 26.5247965554
824 131072 1491.0 1491.0 1491.0 144.87367941 144.87367941 144.87367941 36.2184198524 36.2184198524 36.2184198524
904 131072 1273.0 1273.0 1273.0 186.157247447 186.157247447 186.157247447 46.5393118617 46.5393118617 46.5393118617
992 131072 1998.0 1998.0 1998.0 130.153577578 130.153577578 130.153577578 32.5383943944 32.5383943944 32.5383943944
1088 65536 935.0 935.0 935.0 152.520145455 152.520145455 152.520145455 38.1300363636 38.1300363636 38.1300363636
1192 65536 905.0 905.0 905.0 172.638479558 172.638479558 172.638479558 43.1596198895 43.1596198895 43.1596198895
1304 65536 908.0 908.0 908.0 188.235559471 188.235559471 188.235559471 47.0588898678 47.0588898678 47.0588898678
1432 65536 993.0 993.0 993.0 189.018231621 189.018231621 189.018231621 47.2545579053 47.2545579053 47.2545579053
1568 65536 1105.0 1105.0 1105.0 185.991761086 185.991761086 185.991761086 46.4979402715 46.4979402715 46.4979402715
1720 65536 1281.0 1281.0 1281.0 175.990507416 175.990507416 175.990507416 43.997626854 43.997626854 43.997626854
1888 65536 1540.0 1540.0 1540.0 160.690867532 160.690867532 160.690867532 40.1727168831 40.1727168831 40.1727168831
2072 32768 697.0 697.0 697.0 194.821509326 194.821509326 194.821509326 48.7053773314 48.7053773314 48.7053773314
2272 32768 903.0 903.0 903.0 164.892349945 164.892349945 164.892349945 41.2230874862 41.2230874862 41.2230874862
2496 32768 885.0 885.0 885.0 184.833735593 184.833735593 184.833735593 46.2084338983 46.2084338983 46.2084338983
2744 32768 958.0 958.0 958.0 187.714805846 187.714805846 187.714805846 46.9287014614 46.9287014614 46.9287014614
3016 32768 1081.0 1081.0 1081.0 182.846046253 182.846046253 182.846046253 45.7115115634 45.7115115634 45.7115115634
3312 32768 1239.0 1239.0 1239.0 175.185820823 175.185820823 175.185820823 43.7964552058 43.7964552058 43.7964552058
3640 32768 1243.0 1243.0 1243.0 191.915559131 191.915559131 191.915559131 47.9788897828 47.9788897828 47.9788897828
4000 32768 1350.0 1350.0 1350.0 194.180740741 194.180740741 194.180740741 48.5451851852 48.5451851852 48.5451851852
4400 16384 855.0 855.0 855.0 168.630643275 168.630643275 168.630643275 42.1576608187 42.1576608187 42.1576608187
4840 16384 972.0 972.0 972.0 163.165761317 163.165761317 163.165761317 40.7914403292 40.7914403292 40.7914403292
5320 16384 1035.0 1035.0 1035.0 168.43068599 168.43068599 168.43068599 42.1076714976 42.1076714976 42.1076714976
5848 16384 1123.0 1123.0 1123.0 170.638703473 170.638703473 170.638703473 42.6596758682 42.6596758682 42.6596758682
6432 16384 1162.0 1162.0 1162.0 181.380185886 181.380185886 181.380185886 45.3450464716 45.3450464716 45.3450464716
7072 16384 1269.0 1269.0 1269.0 182.612526399 182.612526399 182.612526399 45.6531315997 45.6531315997 45.6531315997
7776 16384 1449.0 1449.0 1449.0 175.848149068 175.848149068 175.848149068 43.9620372671 43.9620372671 43.9620372671
8552 8192 826.0 826.0 826.0 169.631922518 169.631922518 169.631922518 42.4079806295 42.4079806295 42.4079806295
9400 8192 897.0 897.0 897.0 171.694091416 171.694091416 171.694091416 42.923522854 42.923522854 42.923522854
10336 8192 974.0 974.0 974.0 173.865527721 173.865527721 173.865527721 43.4663819302 43.4663819302 43.4663819302
11368 8192 1083.0 1083.0 1083.0 171.979050785 171.979050785 171.979050785 42.9947626962 42.9947626962 42.9947626962
12504 8192 1213.0 1213.0 1213.0 168.891620775 168.891620775 168.891620775 42.2229051937 42.2229051937 42.2229051937
13752 8192 1315.0 1315.0 1315.0 171.340507985 171.340507985 171.340507985 42.8351269962 42.8351269962 42.8351269962
15120 8192 1394.0 1394.0 1394.0 177.708809182 177.708809182 177.708809182 44.4272022956 44.4272022956 44.4272022956
16632 4096 807.0 807.0 807.0 168.834379182 168.834379182 168.834379182 42.2085947955 42.2085947955 42.2085947955
18288 4096 861.0 861.0 861.0 174.001505226 174.001505226 174.001505226 43.5003763066 43.5003763066 43.5003763066
20112 4096 926.0 926.0 926.0 177.92387041 177.92387041 177.92387041 44.4809676026 44.4809676026 44.4809676026
22120 4096 1050.0 1050.0 1050.0 172.578133333 172.578133333 172.578133333 43.1445333333 43.1445333333 43.1445333333
24328 4096 1116.0 1116.0 1116.0 178.579727599 178.579727599 178.579727599 44.6449318996 44.6449318996 44.6449318996
26760 4096 1280.0 1280.0 1280.0 171.264 171.264 171.264 42.816 42.816 42.816
29432 4096 1448.0 1448.0 1448.0 166.510320442 166.510320442 166.510320442 41.6275801105 41.6275801105 41.6275801105
32368 4096 1632.0 1632.0 1632.0 162.474666667 162.474666667 162.474666667 40.6186666667 40.6186666667 40.6186666667
35600 2048 1012.0 1012.0 1012.0 144.088537549 144.088537549 144.088537549 36.0221343874 36.0221343874 36.0221343874
39160 2048 1197.0 1197.0 1197.0 134.001136174 134.001136174 134.001136174 33.5002840434 33.5002840434 33.5002840434
43072 2048 1297.0 1297.0 1297.0 136.023833462 136.023833462 136.023833462 34.0059583655 34.0059583655 34.0059583655
47376 2048 1417.0 1417.0 1417.0 136.945727594 136.945727594 136.945727594 34.2364318984 34.2364318984 34.2364318984
52112 2048 1555.0 1555.0 1555.0 137.26736463 137.26736463 137.26736463 34.3168411576 34.3168411576 34.3168411576
57320 2048 1728.0 1728.0 1728.0 135.86962963 135.86962963 135.86962963 33.9674074074 33.9674074074 33.9674074074
63048 2048 1912.0 1912.0 1912.0 135.065171548 135.065171548 135.065171548 33.766292887 33.766292887 33.766292887
69352 1024 1043.0 1043.0 1043.0 136.17727325 136.17727325 136.17727325 34.0443183126 34.0443183126 34.0443183126
76280 1024 1154.0 1154.0 1154.0 135.373864818 135.373864818 135.373864818 33.8434662045 33.8434662045 33.8434662045
83904 1024 1261.0 1261.0 1261.0 136.269145123 136.269145123 136.269145123 34.0672862807 34.0672862807 34.0672862807
92288 1024 1397.0 1397.0 1397.0 135.294075877 135.294075877 135.294075877 33.8235189692 33.8235189692 33.8235189692
101512 1024 1518.0 1518.0 1518.0 136.95426614 136.95426614 136.95426614 34.2385665349 34.2385665349 34.2385665349
111656 1024 1671.0 1671.0 1671.0 136.847090365 136.847090365 136.847090365 34.2117725913 34.2117725913 34.2117725913
122816 1024 1851.0 1851.0 1851.0 135.887178822 135.887178822 135.887178822 33.9717947056 33.9717947056 33.9717947056
135096 512 1049.0 1049.0 1049.0 131.87636225 131.87636225 131.87636225 32.9690905624 32.9690905624 32.9690905624
148600 512 1173.0 1173.0 1173.0 129.724126172 129.724126172 129.724126172 32.4310315431 32.4310315431 32.4310315431
163456 512 1302.0 1302.0 1302.0 128.555256528 128.555256528 128.555256528 32.1388141321 32.1388141321 32.1388141321
179800 512 1442.0 1442.0 1442.0 127.680443828 127.680443828 127.680443828 31.920110957 31.920110957 31.920110957
197776 512 1594.0 1594.0 1594.0 127.053089084 127.053089084 127.053089084 31.763272271 31.763272271 31.763272271
217552 512 1876.0 1876.0 1876.0 118.749066098 118.749066098 118.749066098 29.6872665245 29.6872665245 29.6872665245
239304 512 2106.0 2106.0 2106.0 116.356740741 116.356740741 116.356740741 29.0891851852 29.0891851852 29.0891851852
263232 256 1180.0 1180.0 1180.0 114.215918644 114.215918644 114.215918644 28.553979661 28.553979661 28.553979661
289552 256 1340.0 1340.0 1340.0 110.63479403 110.63479403 110.63479403 27.6586985075 27.6586985075 27.6586985075
318504 256 1516.0 1516.0 1516.0 107.568633245 107.568633245 107.568633245 26.8921583113 26.8921583113 26.8921583113
350352 256 1765.0 1765.0 1765.0 101.631854958 101.631854958 101.631854958 25.4079637394 25.4079637394 25.4079637394
385384 256 1971.0 1971.0 1971.0 100.109897514 100.109897514 100.109897514 25.0274743785 25.0274743785 25.0274743785
423920 256 2257.0 2257.0 2257.0 96.166167479 96.166167479 96.166167479 24.0415418697 24.0415418697 24.0415418697
466312 256 2542.0 2542.0 2542.0 93.9227946499 93.9227946499 93.9227946499 23.4806986625 23.4806986625 23.4806986625
512936 256 2871.0 2871.0 2871.0 91.4744799721 91.4744799721 91.4744799721 22.868619993 22.868619993 22.868619993
564224 128 1620.0 1620.0 1620.0 89.1613234568 89.1613234568 89.1613234568 22.2903308642 22.2903308642 22.2903308642
620640 128 1765.0 1765.0 1765.0 90.0191728045 90.0191728045 90.0191728045 22.5047932011 22.5047932011 22.5047932011
682704 128 1957.0 1957.0 1957.0 89.3061951967 89.3061951967 89.3061951967 22.3265487992 22.3265487992 22.3265487992
750968 128 2157.0 2157.0 2157.0 89.1274028744 89.1274028744 89.1274028744 22.2818507186 22.2818507186 22.2818507186
826064 128 2375.0 2375.0 2375.0 89.0410037895 89.0410037895 89.0410037895 22.2602509474 22.2602509474 22.2602509474
908664 128 2597.0 2597.0 2597.0 89.5718074702 89.5718074702 89.5718074702 22.3929518675 22.3929518675 22.3929518675
999528 128 2889.0 2889.0 2889.0 88.5701516096 88.5701516096 88.5701516096 22.1425379024 22.1425379024 22.1425379024
1099480 64 1577.0 1577.0 1577.0 89.2412428662 89.2412428662 89.2412428662 22.3103107166 22.3103107166 22.3103107166
1209424 64 1813.0 1813.0 1813.0 85.3868019857 85.3868019857 85.3868019857 21.3467004964 21.3467004964 21.3467004964
1330360 64 1991.0 1991.0 1991.0 85.5279156203 85.5279156203 85.5279156203 21.3819789051 21.3819789051 21.3819789051
1463392 64 2200.0 2200.0 2200.0 85.1428072727 85.1428072727 85.1428072727 21.2857018182 21.2857018182 21.2857018182
1609728 64 2392.0 2392.0 2392.0 86.1392909699 86.1392909699 86.1392909699 21.5348227425 21.5348227425 21.5348227425
1770696 64 2647.0 2647.0 2647.0 85.6248915754 85.6248915754 85.6248915754 21.4062228938 21.4062228938 21.4062228938
1947760 64 2908.0 2908.0 2908.0 85.7335900963 85.7335900963 85.7335900963 21.4333975241 21.4333975241 21.4333975241
2142536 32 1535.0 1535.0 1535.0 89.3304912052 89.3304912052 89.3304912052 22.3326228013 22.3326228013 22.3326228013
2356784 32 1704.0 1704.0 1704.0 88.5177089202 88.5177089202 88.5177089202 22.12942723 22.12942723 22.12942723
2592456 32 1875.0 1875.0 1875.0 88.4891648 88.4891648 88.4891648 22.1222912 22.1222912 22.1222912
2851696 32 1992.0 1992.0 1992.0 91.6207550201 91.6207550201 91.6207550201 22.905188755 22.905188755 22.905188755
3136864 32 2194.0 2194.0 2194.0 91.5037812215 91.5037812215 91.5037812215 22.8759453054 22.8759453054 22.8759453054
3450544 32 2416.0 2416.0 2416.0 91.4051390728 91.4051390728 91.4051390728 22.8512847682 22.8512847682 22.8512847682
3795592 32 2652.0 2652.0 2652.0 91.5979969834 91.5979969834 91.5979969834 22.8994992459 22.8994992459 22.8994992459
4175144 32 2942.0 2942.0 2942.0 90.8257022434 90.8257022434 90.8257022434 22.7064255608 22.7064255608 22.7064255608
4592656 16 1608.0 1608.0 1608.0 91.3961393035 91.3961393035 91.3961393035 22.8490348259 22.8490348259 22.8490348259
5051920 16 1796.0 1796.0 1796.0 90.0119376392 90.0119376392 90.0119376392 22.5029844098 22.5029844098 22.5029844098
5557112 16 1986.0 1986.0 1986.0 89.5405760322 89.5405760322 89.5405760322 22.3851440081 22.3851440081 22.3851440081
6112816 16 2197.0 2197.0 2197.0 89.0350987711 89.0350987711 89.0350987711 22.2587746928 22.2587746928 22.2587746928
6724096 16 2733.0 2733.0 2733.0 78.7307252104 78.7307252104 78.7307252104 19.6826813026 19.6826813026 19.6826813026
7396504 16 3119.0 3119.0 3119.0 75.8859018916 75.8859018916 75.8859018916 18.9714754729 18.9714754729 18.9714754729
8136152 16 3501.0 3501.0 3501.0 74.3664278777 74.3664278777 74.3664278777 18.5916069694 18.5916069694 18.5916069694
8949760 8 2023.0 2023.0 2023.0 70.7840632724 70.7840632724 70.7840632724 17.6960158181 17.6960158181 17.6960158181
9844736 8 2284.0 2284.0 2284.0 68.9648756567 68.9648756567 68.9648756567 17.2412189142 17.2412189142 17.2412189142
10829208 8 2561.0 2561.0 2561.0 67.6561218274 67.6561218274 67.6561218274 16.9140304569 16.9140304569 16.9140304569
11912128 8 2902.0 2902.0 2902.0 65.6767911785 65.6767911785 65.6767911785 16.4191977946 16.4191977946 16.4191977946
13103336 8 3450.0 3450.0 3450.0 60.7690944928 60.7690944928 60.7690944928 15.1922736232 15.1922736232 15.1922736232
14413664 8 4748.0 4748.0 4748.0 48.5717405223 48.5717405223 48.5717405223 12.1429351306 12.1429351306 12.1429351306
15855024 8 6951.0 6951.0 6951.0 36.4955235218 36.4955235218 36.4955235218 9.12388088045 9.12388088045 9.12388088045
17440520 4 3954.0 3954.0 3954.0 35.2868386444 35.2868386444 35.2868386444 8.8217096611 8.8217096611 8.8217096611
19184568 4 4287.0 4287.0 4287.0 35.800453464 35.800453464 35.800453464 8.95011336599 8.95011336599 8.95011336599
21103024 4 4212.0 4212.0 4212.0 40.0817169991 40.0817169991 40.0817169991 10.0204292498 10.0204292498 10.0204292498
23213320 4 4775.0 4775.0 4775.0 38.891426178 38.891426178 38.891426178 9.7228565445 9.7228565445 9.7228565445
25534648 4 6976.0 6976.0 6976.0 29.282853211 29.282853211 29.282853211 7.32071330275 7.32071330275 7.32071330275
28088112 4 7137.0 7137.0 7137.0 31.4845027322 31.4845027322 31.4845027322 7.87112568306 7.87112568306 7.87112568306
30896920 4 8024.0 8024.0 8024.0 30.8045064806 30.8045064806 30.8045064806 7.70112662014 7.70112662014 7.70112662014
33986608 2 4771.0 4771.0 4771.0 28.4943265563 28.4943265563 28.4943265563 7.12358163907 7.12358163907 7.12358163907
37385264 2 4812.0 4812.0 4812.0 31.0766949293 31.0766949293 31.0766949293 7.76917373234 7.76917373234 7.76917373234
41123784 2 5300.0 5300.0 5300.0 31.0368181132 31.0368181132 31.0368181132 7.7592045283 7.7592045283 7.7592045283
45236160 2 6862.0 6862.0 6862.0 26.3690819003 26.3690819003 26.3690819003 6.59227047508 6.59227047508 6.59227047508
49759776 2 6872.0 6872.0 6872.0 28.9637811409 28.9637811409 28.9637811409 7.24094528522 7.24094528522 7.24094528522
54735752 2 7474.0 7474.0 7474.0 29.2939534386 29.2939534386 29.2939534386 7.32348835965 7.32348835965 7.32348835965
60209320 2 9079.0 9079.0 9079.0 26.5268509748 26.5268509748 26.5268509748 6.63171274369 6.63171274369 6.63171274369
66230248 2 11009.0 11009.0 11009.0 24.0640377873 24.0640377873 24.0640377873 6.01600944682 6.01600944682 6.01600944682
72853272 1 5562.0 5562.0 5562.0 26.196789644 26.196789644 26.196789644 6.549197411 6.549197411 6.549197411
80138592 1 6113.0 6113.0 6113.0 26.219071487 26.219071487 26.219071487 6.55476787175 6.55476787175 6.55476787175
88152448 1 6424.0 6424.0 6424.0 27.4447222914 27.4447222914 27.4447222914 6.86118057285 6.86118057285 6.86118057285
96967688 1 6880.0 6880.0 6880.0 28.1882813953 28.1882813953 28.1882813953 7.04707034884 7.04707034884 7.04707034884
106664456 1 7562.0 7562.0 7562.0 28.2106469188 28.2106469188 28.2106469188 7.0526617297 7.0526617297 7.0526617297
117330896 1 8256.0 8256.0 8256.0 28.4231821705 28.4231821705 28.4231821705 7.10579554264 7.10579554264 7.10579554264
129063984 1 8963.0 8963.0 8963.0 28.7992823831 28.7992823831 28.7992823831 7.19982059578 7.19982059578 7.19982059578

META_DATA
ERT_VERSION  1.1.0
HOSTNAME  ('13050fbf6aa8', [], ['172.17.0.3'])
UNAME  ('Linux', '13050fbf6aa8', '4.19.76-linuxkit', '#1 SMP Thu Oct 17 19:31:58 UTC 2019', 'x86_64', 'x86_64')
TIMESTAMP_DATA  1588047433.37
FLOPS          4
CONFIG  {'ERT_WORKING_SET_MIN': ['1'], 'ERT_CFLAGS': ['-Ofast', '-march=native'], 'ERT_CC': ['cc'], 'ERT_MPI_CFLAGS': [], 'ERT_MPI_LDFLAGS': [], 'ERT_MEMORY_MAX': ['134217728', '#', '128MB'], 'ERT_LDFLAGS': [], 'ERT_LDLIBS': [], 'ERT_RUN': ['./ERT_CODE'], 'ERT_FLOPS': ['1,4,16,64'], 'ERT_OPENMP_CFLAGS': ['-fopenmp'], 'ERT_MPI': ['False'], 'ERT_TRIALS_MIN': ['1'], 'ERT_DRIVER': ['driver1'], 'ERT_RESULTS': ['Sequential'], 'ERT_OPENMP': ['False'], 'ERT_KERNEL': ['kernel1'], 'ERT_GPU': [False], 'ERT_LD': ['cc'], 'ERT_NUM_EXPERIMENTS': ['1'], 'ERT_OPENMP_LDFLAGS': ['-fopenmp'], 'ERT_ALIGN': ['64'], 'ERT_GNUPLOT': ['gnuplot']}
