8 16777216 134596.0 134596.0 134596.0 1.99437914945 1.99437914945 1.99437914945 1.99437914945 1.99437914945 1.99437914945
16 8388608 67619.0 67619.0 67619.0 3.96982291959 3.96982291959 3.96982291959 3.96982291959 3.96982291959 3.96982291959
24 4194304 33765.0 33765.0 33765.0 5.96258231897 5.96258231897 5.96258231897 5.96258231897 5.96258231897 5.96258231897
32 4194304 34468.0 34468.0 34468.0 7.78796147151 7.78796147151 7.78796147151 7.78796147151 7.78796147151 7.78796147151
40 2097152 17242.0 17242.0 17242.0 9.73043498434 9.73043498434 9.73043498434 9.73043498434 9.73043498434 9.73043498434
48 2097152 17246.0 17246.0 17246.0 11.6738137539 11.6738137539 11.6738137539 11.6738137539 11.6738137539 11.6738137539
56 2097152 17224.0 17224.0 17224.0 13.6368453321 13.6368453321 13.6368453321 13.6368453321 13.6368453321 13.6368453321
64 2097152 17675.0 17675.0 17675.0 15.1872959547 15.1872959547 15.1872959547 15.1872959547 15.1872959547 15.1872959547
72 1048576 8872.0 8872.0 8872.0 17.0192678088 17.0192678088 17.0192678088 17.0192678088 17.0192678088 17.0192678088
80 1048576 8852.0 8852.0 8852.0 18.9530230456 18.9530230456 18.9530230456 18.9530230456 18.9530230456 18.9530230456
88 1048576 8835.0 8835.0 8835.0 20.8884409734 20.8884409734 20.8884409734 20.8884409734 20.8884409734 20.8884409734
96 1048576 8838.0 8838.0 8838.0 22.7796551256 22.7796551256 22.7796551256 22.7796551256 22.7796551256 22.7796551256
104 1048576 8825.0 8825.0 8825.0 24.7143125212 24.7143125212 24.7143125212 24.7143125212 24.7143125212 24.7143125212
112 1048576 8854.0 8854.0 8854.0 26.5282385363 26.5282385363 26.5282385363 26.5282385363 26.5282385363 26.5282385363
120 1048576 8934.0 8934.0 8934.0 28.1685963734 28.1685963734 28.1685963734 28.1685963734 28.1685963734 28.1685963734
128 1048576 8890.0 8890.0 8890.0 30.1952143982 30.1952143982 30.1952143982 30.1952143982 30.1952143982 30.1952143982
136 524288 4473.0 4473.0 4473.0 31.8815864073 31.8815864073 31.8815864073 31.8815864073 31.8815864073 31.8815864073
144 524288 4533.0 4533.0 4533.0 33.3101575116 33.3101575116 33.3101575116 33.3101575116 33.3101575116 33.3101575116
152 524288 4730.0 4730.0 4730.0 33.6963112051 33.6963112051 33.6963112051 33.6963112051 33.6963112051 33.6963112051
160 524288 4480.0 4480.0 4480.0 37.4491428571 37.4491428571 37.4491428571 37.4491428571 37.4491428571 37.4491428571
176 524288 4772.0 4772.0 4772.0 38.6733813915 38.6733813915 38.6733813915 38.6733813915 38.6733813915 38.6733813915
192 524288 4568.0 4568.0 4568.0 44.0732469352 44.0732469352 44.0732469352 44.0732469352 44.0732469352 44.0732469352
208 524288 4953.0 4953.0 4953.0 44.034687664 44.034687664 44.034687664 44.034687664 44.034687664 44.034687664
224 524288 4710.0 4710.0 4710.0 49.8685825902 49.8685825902 49.8685825902 49.8685825902 49.8685825902 49.8685825902
240 524288 5243.0 5243.0 5243.0 47.9989013923 47.9989013923 47.9989013923 47.9989013923 47.9989013923 47.9989013923
264 262144 2633.0 2633.0 2633.0 52.5681853399 52.5681853399 52.5681853399 52.5681853399 52.5681853399 52.5681853399
288 262144 2614.0 2614.0 2614.0 57.7639418516 57.7639418516 57.7639418516 57.7639418516 57.7639418516 57.7639418516
312 262144 3485.0 3485.0 3485.0 46.9376918221 46.9376918221 46.9376918221 46.9376918221 46.9376918221 46.9376918221
336 262144 3536.0 3536.0 3536.0 49.8192217195 49.8192217195 49.8192217195 49.8192217195 49.8192217195 49.8192217195
368 262144 3828.0 3828.0 3828.0 50.4017722048 50.4017722048 50.4017722048 50.4017722048 50.4017722048 50.4017722048
400 262144 4117.0 4117.0 4117.0 50.9388389604 50.9388389604 50.9388389604 50.9388389604 50.9388389604 50.9388389604
440 262144 4649.0 4649.0 4649.0 49.6207184341 49.6207184341 49.6207184341 49.6207184341 49.6207184341 49.6207184341
480 262144 4391.0 4391.0 4391.0 57.3122842177 57.3122842177 57.3122842177 57.3122842177 57.3122842177 57.3122842177
528 131072 2617.0 2617.0 2617.0 52.8895804356 52.8895804356 52.8895804356 52.8895804356 52.8895804356 52.8895804356
576 131072 2640.0 2640.0 2640.0 57.1950545455 57.1950545455 57.1950545455 57.1950545455 57.1950545455 57.1950545455
632 131072 3181.0 3181.0 3181.0 52.082680918 52.082680918 52.082680918 52.082680918 52.082680918 52.082680918
688 131072 3361.0 3361.0 3361.0 53.6611341863 53.6611341863 53.6611341863 53.6611341863 53.6611341863 53.6611341863
752 131072 3647.0 3647.0 3647.0 54.0532733754 54.0532733754 54.0532733754 54.0532733754 54.0532733754 54.0532733754
824 131072 4045.0 4045.0 4045.0 53.4009038319 53.4009038319 53.4009038319 53.4009038319 53.4009038319 53.4009038319
904 131072 4215.0 4215.0 4215.0 56.2225803084 56.2225803084 56.2225803084 56.2225803084 56.2225803084 56.2225803084
992 131072 4488.0 4488.0 4488.0 57.9427023173 57.9427023173 57.9427023173 57.9427023173 57.9427023173 57.9427023173
1088 65536 2437.0 2437.0 2437.0 58.5171670086 58.5171670086 58.5171670086 58.5171670086 58.5171670086 58.5171670086
1192 65536 2794.0 2794.0 2794.0 55.9190493916 55.9190493916 55.9190493916 55.9190493916 55.9190493916 55.9190493916
1304 65536 3102.0 3102.0 3102.0 55.0992546744 55.0992546744 55.0992546744 55.0992546744 55.0992546744 55.0992546744
1432 65536 3372.0 3372.0 3372.0 55.6628422301 55.6628422301 55.6628422301 55.6628422301 55.6628422301 55.6628422301
1568 65536 3532.0 3532.0 3532.0 58.1882491506 58.1882491506 58.1882491506 58.1882491506 58.1882491506 58.1882491506
1720 65536 4010.0 4010.0 4010.0 56.2204089776 56.2204089776 56.2204089776 56.2204089776 56.2204089776 56.2204089776
1888 65536 4274.0 4274.0 4274.0 57.899844642 57.899844642 57.899844642 57.899844642 57.899844642 57.899844642
2072 32768 2525.0 2525.0 2525.0 53.7784522772 53.7784522772 53.7784522772 53.7784522772 53.7784522772 53.7784522772
2272 32768 2565.0 2565.0 2565.0 58.0498214425 58.0498214425 58.0498214425 58.0498214425 58.0498214425 58.0498214425
2496 32768 2814.0 2814.0 2814.0 58.1300127932 58.1300127932 58.1300127932 58.1300127932 58.1300127932 58.1300127932
2744 32768 3242.0 3242.0 3242.0 55.4690882171 55.4690882171 55.4690882171 55.4690882171 55.4690882171 55.4690882171
3016 32768 3385.0 3385.0 3385.0 58.3918983752 58.3918983752 58.3918983752 58.3918983752 58.3918983752 58.3918983752
3312 32768 3797.0 3797.0 3797.0 57.1649281011 57.1649281011 57.1649281011 57.1649281011 57.1649281011 57.1649281011
3640 32768 4168.0 4168.0 4168.0 57.2339347409 57.2339347409 57.2339347409 57.2339347409 57.2339347409 57.2339347409
4000 32768 4502.0 4502.0 4502.0 58.2283429587 58.2283429587 58.2283429587 58.2283429587 58.2283429587 58.2283429587
4400 16384 2535.0 2535.0 2535.0 56.8754240631 56.8754240631 56.8754240631 56.8754240631 56.8754240631 56.8754240631
4840 16384 2778.0 2778.0 2778.0 57.0903959683 57.0903959683 57.0903959683 57.0903959683 57.0903959683 57.0903959683
5320 16384 3056.0 3056.0 3056.0 57.0437696335 57.0437696335 57.0437696335 57.0437696335 57.0437696335 57.0437696335
5848 16384 3341.0 3341.0 3341.0 57.3562598025 57.3562598025 57.3562598025 57.3562598025 57.3562598025 57.3562598025
6432 16384 3692.0 3692.0 3692.0 57.0866132178 57.0866132178 57.0866132178 57.0866132178 57.0866132178 57.0866132178
7072 16384 4034.0 4034.0 4034.0 57.445536936 57.445536936 57.445536936 57.445536936 57.445536936 57.445536936
7776 16384 4418.0 4418.0 4418.0 57.6740534178 57.6740534178 57.6740534178 57.6740534178 57.6740534178 57.6740534178
8552 8192 2377.0 2377.0 2377.0 58.946557846 58.946557846 58.946557846 58.946557846 58.946557846 58.946557846
9400 8192 2695.0 2695.0 2695.0 57.146419295 57.146419295 57.146419295 57.146419295 57.146419295 57.146419295
10336 8192 2936.0 2936.0 2936.0 57.6788228883 57.6788228883 57.6788228883 57.6788228883 57.6788228883 57.6788228883
11368 8192 3162.0 3162.0 3162.0 58.9036407337 58.9036407337 58.9036407337 58.9036407337 58.9036407337 58.9036407337
12504 8192 3624.0 3624.0 3624.0 56.5302251656 56.5302251656 56.5302251656 56.5302251656 56.5302251656 56.5302251656
13752 8192 3873.0 3873.0 3873.0 58.1752563904 58.1752563904 58.1752563904 58.1752563904 58.1752563904 58.1752563904
15120 8192 4271.0 4271.0 4271.0 58.0018918286 58.0018918286 58.0018918286 58.0018918286 58.0018918286 58.0018918286
16632 4096 2371.0 2371.0 2371.0 57.4649278785 57.4649278785 57.4649278785 57.4649278785 57.4649278785 57.4649278785
18288 4096 2588.0 2588.0 2588.0 57.8884451314 57.8884451314 57.8884451314 57.8884451314 57.8884451314 57.8884451314
20112 4096 2842.0 2842.0 2842.0 57.9723800141 57.9723800141 57.9723800141 57.9723800141 57.9723800141 57.9723800141
22120 4096 3111.0 3111.0 3111.0 58.2472002572 58.2472002572 58.2472002572 58.2472002572 58.2472002572 58.2472002572
24328 4096 3440.0 3440.0 3440.0 57.9345860465 57.9345860465 57.9345860465 57.9345860465 57.9345860465 57.9345860465
26760 4096 3792.0 3792.0 3792.0 57.8106329114 57.8106329114 57.8106329114 57.8106329114 57.8106329114 57.8106329114
29432 4096 4165.0 4165.0 4165.0 57.8888220888 57.8888220888 57.8888220888 57.8888220888 57.8888220888 57.8888220888
32368 4096 4526.0 4526.0 4526.0 58.5856509059 58.5856509059 58.5856509059 58.5856509059 58.5856509059 58.5856509059
35600 2048 2861.0 2861.0 2861.0 50.967354072 50.967354072 50.967354072 50.967354072 50.967354072 50.967354072
39160 2048 3289.0 3289.0 3289.0 48.7684280936 48.7684280936 48.7684280936 48.7684280936 48.7684280936 48.7684280936
43072 2048 3677.0 3677.0 3677.0 47.9801229263 47.9801229263 47.9801229263 47.9801229263 47.9801229263 47.9801229263
47376 2048 4035.0 4035.0 4035.0 48.0922171004 48.0922171004 48.0922171004 48.0922171004 48.0922171004 48.0922171004
52112 2048 4363.0 4363.0 4363.0 48.9229319276 48.9229319276 48.9229319276 48.9229319276 48.9229319276 48.9229319276
57320 2048 4599.0 4599.0 4599.0 51.0508197434 51.0508197434 51.0508197434 51.0508197434 51.0508197434 51.0508197434
63048 2048 5369.0 5369.0 5369.0 48.099200596 48.099200596 48.099200596 48.099200596 48.099200596 48.099200596
69352 1024 2814.0 2814.0 2814.0 50.4736659559 50.4736659559 50.4736659559 50.4736659559 50.4736659559 50.4736659559
76280 1024 3158.0 3158.0 3158.0 49.4684737175 49.4684737175 49.4684737175 49.4684737175 49.4684737175 49.4684737175
83904 1024 3556.0 3556.0 3556.0 48.322663667 48.322663667 48.322663667 48.322663667 48.322663667 48.322663667
92288 1024 3956.0 3956.0 3956.0 47.7770030334 47.7770030334 47.7770030334 47.7770030334 47.7770030334 47.7770030334
101512 1024 4339.0 4339.0 4339.0 47.913476838 47.913476838 47.913476838 47.913476838 47.913476838 47.913476838
111656 1024 4495.0 4495.0 4495.0 50.8724111235 50.8724111235 50.8724111235 50.8724111235 50.8724111235 50.8724111235
122816 1024 5230.0 5230.0 5230.0 48.0931487572 48.0931487572 48.0931487572 48.0931487572 48.0931487572 48.0931487572
135096 512 2782.0 2782.0 2782.0 49.7262056075 49.7262056075 49.7262056075 49.7262056075 49.7262056075 49.7262056075
148600 512 3045.0 3045.0 3045.0 49.972545156 49.972545156 49.972545156 49.972545156 49.972545156 49.972545156
163456 512 3458.0 3458.0 3458.0 48.4033961828 48.4033961828 48.4033961828 48.4033961828 48.4033961828 48.4033961828
179800 512 3896.0 3896.0 3896.0 47.2574948665 47.2574948665 47.2574948665 47.2574948665 47.2574948665 47.2574948665
197776 512 4279.0 4279.0 4279.0 47.3294283711 47.3294283711 47.3294283711 47.3294283711 47.3294283711 47.3294283711
217552 512 4770.0 4770.0 4770.0 46.7029870021 46.7029870021 46.7029870021 46.7029870021 46.7029870021 46.7029870021
239304 512 5195.0 5195.0 5195.0 47.1698356112 47.1698356112 47.1698356112 47.1698356112 47.1698356112 47.1698356112
263232 256 2910.0 2910.0 2910.0 46.3143587629 46.3143587629 46.3143587629 46.3143587629 46.3143587629 46.3143587629
289552 256 3236.0 3236.0 3236.0 45.8129245983 45.8129245983 45.8129245983 45.8129245983 45.8129245983 45.8129245983
318504 256 3472.0 3472.0 3472.0 46.9683317972 46.9683317972 46.9683317972 46.9683317972 46.9683317972 46.9683317972
350352 256 3989.0 3989.0 3989.0 44.9687199799 44.9687199799 44.9687199799 44.9687199799 44.9687199799 44.9687199799
385384 256 4236.0 4236.0 4236.0 46.5808800755 46.5808800755 46.5808800755 46.5808800755 46.5808800755 46.5808800755
423920 256 4636.0 4636.0 4636.0 46.8177394305 46.8177394305 46.8177394305 46.8177394305 46.8177394305 46.8177394305
466312 256 5505.0 5505.0 5505.0 43.3699807448 43.3699807448 43.3699807448 43.3699807448 43.3699807448 43.3699807448
512936 256 5754.0 5754.0 5754.0 45.6418547098 45.6418547098 45.6418547098 45.6418547098 45.6418547098 45.6418547098
564224 128 3299.0 3299.0 3299.0 43.7833719309 43.7833719309 43.7833719309 43.7833719309 43.7833719309 43.7833719309
620640 128 3496.0 3496.0 3496.0 45.4473226545 45.4473226545 45.4473226545 45.4473226545 45.4473226545 45.4473226545
682704 128 4024.0 4024.0 4024.0 43.4324612326 43.4324612326 43.4324612326 43.4324612326 43.4324612326 43.4324612326
750968 128 4331.0 4331.0 4331.0 44.3887804202 44.3887804202 44.3887804202 44.3887804202 44.3887804202 44.3887804202
826064 128 4873.0 4873.0 4873.0 43.3967543608 43.3967543608 43.3967543608 43.3967543608 43.3967543608 43.3967543608
908664 128 5122.0 5122.0 5122.0 45.4154595861 45.4154595861 45.4154595861 45.4154595861 45.4154595861 45.4154595861
999528 128 5663.0 5663.0 5663.0 45.1843842486 45.1843842486 45.1843842486 45.1843842486 45.1843842486 45.1843842486
1099480 64 3240.0 3240.0 3240.0 43.4362469136 43.4362469136 43.4362469136 43.4362469136 43.4362469136 43.4362469136
1209424 64 3573.0 3573.0 3573.0 43.3266924153 43.3266924153 43.3266924153 43.3266924153 43.3266924153 43.3266924153
1330360 64 3735.0 3735.0 3735.0 45.5919892905 45.5919892905 45.5919892905 45.5919892905 45.5919892905 45.5919892905
1463392 64 4135.0 4135.0 4135.0 45.2996798065 45.2996798065 45.2996798065 45.2996798065 45.2996798065 45.2996798065
1609728 64 4747.0 4747.0 4747.0 43.4053473773 43.4053473773 43.4053473773 43.4053473773 43.4053473773 43.4053473773
1770696 64 5240.0 5240.0 5240.0 43.2536427481 43.2536427481 43.2536427481 43.2536427481 43.2536427481 43.2536427481
1947760 64 5511.0 5511.0 5511.0 45.239208855 45.239208855 45.239208855 45.239208855 45.239208855 45.239208855
2142536 32 3185.0 3185.0 3185.0 43.0525287284 43.0525287284 43.0525287284 43.0525287284 43.0525287284 43.0525287284
2356784 32 3555.0 3555.0 3555.0 42.4287414909 42.4287414909 42.4287414909 42.4287414909 42.4287414909 42.4287414909
2592456 32 3908.0 3908.0 3908.0 42.455778915 42.455778915 42.455778915 42.455778915 42.455778915 42.455778915
2851696 32 4172.0 4172.0 4172.0 43.7460556088 43.7460556088 43.7460556088 43.7460556088 43.7460556088 43.7460556088
3136864 32 4558.0 4558.0 4558.0 44.0454795963 44.0454795963 44.0454795963 44.0454795963 44.0454795963 44.0454795963
3450544 32 5178.0 5178.0 5178.0 42.6486705292 42.6486705292 42.6486705292 42.6486705292 42.6486705292 42.6486705292
3795592 32 5583.0 5583.0 5583.0 43.5102790614 43.5102790614 43.5102790614 43.5102790614 43.5102790614 43.5102790614
4175144 32 5900.0 5900.0 5900.0 45.2896976271 45.2896976271 45.2896976271 45.2896976271 45.2896976271 45.2896976271
4592656 16 3559.0 3559.0 3559.0 41.2939005339 41.2939005339 41.2939005339 41.2939005339 41.2939005339 41.2939005339
5051920 16 3770.0 3770.0 3770.0 42.8810185676 42.8810185676 42.8810185676 42.8810185676 42.8810185676 42.8810185676
5557112 16 3994.0 3994.0 3994.0 44.5236815223 44.5236815223 44.5236815223 44.5236815223 44.5236815223 44.5236815223
6112816 16 4437.0 4437.0 4437.0 44.0861194501 44.0861194501 44.0861194501 44.0861194501 44.0861194501 44.0861194501
6724096 16 5463.0 5463.0 5463.0 39.3869800476 39.3869800476 39.3869800476 39.3869800476 39.3869800476 39.3869800476
7396504 16 6253.0 6253.0 6253.0 37.8519315529 37.8519315529 37.8519315529 37.8519315529 37.8519315529 37.8519315529
8136152 16 6673.0 6673.0 6673.0 39.0164639592 39.0164639592 39.0164639592 39.0164639592 39.0164639592 39.0164639592
8949760 8 3795.0 3795.0 3795.0 37.7328484848 37.7328484848 37.7328484848 37.7328484848 37.7328484848 37.7328484848
9844736 8 4124.0 4124.0 4124.0 38.1949020369 38.1949020369 38.1949020369 38.1949020369 38.1949020369 38.1949020369
10829208 8 5201.0 5201.0 5201.0 33.3142334167 33.3142334167 33.3142334167 33.3142334167 33.3142334167 33.3142334167
11912128 8 5236.0 5236.0 5236.0 36.400696715 36.400696715 36.400696715 36.400696715 36.400696715 36.400696715
13103336 8 5713.0 5713.0 5713.0 36.6975977595 36.6975977595 36.6975977595 36.6975977595 36.6975977595 36.6975977595
14413664 8 6563.0 6563.0 6563.0 35.1392082889 35.1392082889 35.1392082889 35.1392082889 35.1392082889 35.1392082889
15855024 8 8016.0 8016.0 8016.0 31.646754491 31.646754491 31.646754491 31.646754491 31.646754491 31.646754491
17440520 4 4437.0 4437.0 4437.0 31.4456073924 31.4456073924 31.4456073924 31.4456073924 31.4456073924 31.4456073924
19184568 4 4986.0 4986.0 4986.0 30.7814969916 30.7814969916 30.7814969916 30.7814969916 30.7814969916 30.7814969916
21103024 4 5607.0 5607.0 5607.0 30.1095402176 30.1095402176 30.1095402176 30.1095402176 30.1095402176 30.1095402176
23213320 4 6755.0 6755.0 6755.0 27.4917187269 27.4917187269 27.4917187269 27.4917187269 27.4917187269 27.4917187269
25534648 4 7557.0 7557.0 7557.0 27.0315183274 27.0315183274 27.0315183274 27.0315183274 27.0315183274 27.0315183274
28088112 4 8281.0 8281.0 8281.0 27.1349952904 27.1349952904 27.1349952904 27.1349952904 27.1349952904 27.1349952904
30896920 4 9390.0 9390.0 9390.0 26.3232545261 26.3232545261 26.3232545261 26.3232545261 26.3232545261 26.3232545261
33986608 2 5183.0 5183.0 5183.0 26.2292942311 26.2292942311 26.2292942311 26.2292942311 26.2292942311 26.2292942311
37385264 2 5746.0 5746.0 5746.0 26.025244692 26.025244692 26.025244692 26.025244692 26.025244692 26.025244692
41123784 2 6502.0 6502.0 6502.0 25.2991596432 25.2991596432 25.2991596432 25.2991596432 25.2991596432 25.2991596432
45236160 2 7224.0 7224.0 7224.0 25.0477076412 25.0477076412 25.0477076412 25.0477076412 25.0477076412 25.0477076412
49759776 2 7729.0 7729.0 7729.0 25.7522453099 25.7522453099 25.7522453099 25.7522453099 25.7522453099 25.7522453099
54735752 2 8705.0 8705.0 8705.0 25.1514081562 25.1514081562 25.1514081562 25.1514081562 25.1514081562 25.1514081562
60209320 2 9768.0 9768.0 9768.0 24.6557411957 24.6557411957 24.6557411957 24.6557411957 24.6557411957 24.6557411957
66230248 2 10823.0 10823.0 10823.0 24.4775932736 24.4775932736 24.4775932736 24.4775932736 24.4775932736 24.4775932736
72853272 1 5915.0 5915.0 5915.0 24.633397126 24.633397126 24.633397126 24.633397126 24.633397126 24.633397126
80138592 1 6470.0 6470.0 6470.0 24.7723622875 24.7723622875 24.7723622875 24.7723622875 24.7723622875 24.7723622875
88152448 1 7225.0 7225.0 7225.0 24.4020617301 24.4020617301 24.4020617301 24.4020617301 24.4020617301 24.4020617301
96967688 1 7936.0 7936.0 7936.0 24.437421371 24.437421371 24.437421371 24.437421371 24.437421371 24.437421371
106664456 1 8751.0 8751.0 8751.0 24.3776610673 24.3776610673 24.3776610673 24.3776610673 24.3776610673 24.3776610673
117330896 1 9601.0 9601.0 9601.0 24.4413906885 24.4413906885 24.4413906885 24.4413906885 24.4413906885 24.4413906885
129063984 1 11258.0 11258.0 11258.0 22.9284036241 22.9284036241 22.9284036241 22.9284036241 22.9284036241 22.9284036241

META_DATA
ERT_VERSION  1.1.0
HOSTNAME  ('13050fbf6aa8', [], ['172.17.0.3'])
UNAME  ('Linux', '13050fbf6aa8', '4.19.76-linuxkit', '#1 SMP Thu Oct 17 19:31:58 UTC 2019', 'x86_64', 'x86_64')
TIMESTAMP_DATA  1588047435.01
FLOPS          16
CONFIG  {'ERT_WORKING_SET_MIN': ['1'], 'ERT_CFLAGS': ['-Ofast', '-march=native'], 'ERT_CC': ['cc'], 'ERT_MPI_CFLAGS': [], 'ERT_MPI_LDFLAGS': [], 'ERT_MEMORY_MAX': ['134217728', '#', '128MB'], 'ERT_LDFLAGS': [], 'ERT_LDLIBS': [], 'ERT_RUN': ['./ERT_CODE'], 'ERT_FLOPS': ['1,4,16,64'], 'ERT_OPENMP_CFLAGS': ['-fopenmp'], 'ERT_MPI': ['False'], 'ERT_TRIALS_MIN': ['1'], 'ERT_DRIVER': ['driver1'], 'ERT_RESULTS': ['Sequential'], 'ERT_OPENMP': ['False'], 'ERT_KERNEL': ['kernel1'], 'ERT_GPU': [False], 'ERT_LD': ['cc'], 'ERT_NUM_EXPERIMENTS': ['1'], 'ERT_OPENMP_LDFLAGS': ['-fopenmp'], 'ERT_ALIGN': ['64'], 'ERT_GNUPLOT': ['gnuplot']}
