8 16777216 32632.0 32632.0 32632.0 8.2261417014 8.2261417014 8.2261417014 0.514133856337 0.514133856337 0.514133856337
16 8388608 16329.0 16329.0 16329.0 16.4391852532 16.4391852532 16.4391852532 1.02744907833 1.02744907833 1.02744907833
24 4194304 8166.0 8166.0 8166.0 24.6542483468 24.6542483468 24.6542483468 1.54089052168 1.54089052168 1.54089052168
32 4194304 8158.0 8158.0 8158.0 32.9045668056 32.9045668056 32.9045668056 2.05653542535 2.05653542535 2.05653542535
40 2097152 4650.0 4650.0 4650.0 36.0800344086 36.0800344086 36.0800344086 2.25500215054 2.25500215054 2.25500215054
48 2097152 5324.0 5324.0 5324.0 37.8149120962 37.8149120962 37.8149120962 2.36343200601 2.36343200601 2.36343200601
56 2097152 5462.0 5462.0 5462.0 43.0027506408 43.0027506408 43.0027506408 2.68767191505 2.68767191505 2.68767191505
64 2097152 5532.0 5532.0 5532.0 48.5241243673 48.5241243673 48.5241243673 3.03275777296 3.03275777296 3.03275777296
72 1048576 2945.0 2945.0 2945.0 51.2716278438 51.2716278438 51.2716278438 3.20447674024 3.20447674024 3.20447674024
80 1048576 3189.0 3189.0 3189.0 52.6096456569 52.6096456569 52.6096456569 3.28810285356 3.28810285356 3.28810285356
88 1048576 3392.0 3392.0 3392.0 54.407245283 54.407245283 54.407245283 3.40045283019 3.40045283019 3.40045283019
96 1048576 3862.0 3862.0 3862.0 52.1301377525 52.1301377525 52.1301377525 3.25813360953 3.25813360953 3.25813360953
104 1048576 9256.0 9256.0 9256.0 23.563505618 23.563505618 23.563505618 1.47271910112 1.47271910112 1.47271910112
112 1048576 4310.0 4310.0 4310.0 54.4967573086 54.4967573086 54.4967573086 3.40604733179 3.40604733179 3.40604733179
120 1048576 4575.0 4575.0 4575.0 55.0072655738 55.0072655738 55.0072655738 3.43795409836 3.43795409836 3.43795409836
128 1048576 2486.0 2486.0 2486.0 107.978864039 107.978864039 107.978864039 6.74867900241 6.74867900241 6.74867900241
136 524288 1245.0 1245.0 1245.0 114.543241767 114.543241767 114.543241767 7.15895261044 7.15895261044 7.15895261044
144 524288 1243.0 1243.0 1243.0 121.476222043 121.476222043 121.476222043 7.59226387772 7.59226387772 7.59226387772
152 524288 1257.0 1257.0 1257.0 126.796779634 126.796779634 126.796779634 7.92479872713 7.92479872713 7.92479872713
160 524288 1497.0 1497.0 1497.0 112.072251169 112.072251169 112.072251169 7.00451569806 7.00451569806 7.00451569806
176 524288 1578.0 1578.0 1578.0 116.951442332 116.951442332 116.951442332 7.30946514575 7.30946514575 7.30946514575
192 524288 1872.0 1872.0 1872.0 107.54625641 107.54625641 107.54625641 6.72164102564 6.72164102564 6.72164102564
208 524288 2094.0 2094.0 2094.0 104.156546323 104.156546323 104.156546323 6.50978414518 6.50978414518 6.50978414518
224 524288 2498.0 2498.0 2498.0 94.0276317054 94.0276317054 94.0276317054 5.87672698159 5.87672698159 5.87672698159
240 524288 2835.0 2835.0 2835.0 88.7683386243 88.7683386243 88.7683386243 5.54802116402 5.54802116402 5.54802116402
264 262144 839.0 839.0 839.0 164.972624553 164.972624553 164.972624553 10.3107890346 10.3107890346 10.3107890346
288 262144 1006.0 1006.0 1006.0 150.094377734 150.094377734 150.094377734 9.38089860835 9.38089860835 9.38089860835
312 262144 1132.0 1132.0 1132.0 144.50340636 144.50340636 144.50340636 9.03146289753 9.03146289753 9.03146289753
336 262144 1319.0 1319.0 1319.0 133.556306293 133.556306293 133.556306293 8.34726914329 8.34726914329 8.34726914329
368 262144 1590.0 1590.0 1590.0 121.344644025 121.344644025 121.344644025 7.58404025157 7.58404025157 7.58404025157
400 262144 1130.0 1130.0 1130.0 185.588672566 185.588672566 185.588672566 11.5992920354 11.5992920354 11.5992920354
440 262144 1420.0 1420.0 1420.0 162.45543662 162.45543662 162.45543662 10.1534647887 10.1534647887 10.1534647887
480 262144 1703.0 1703.0 1703.0 147.77348209 147.77348209 147.77348209 9.23584263065 9.23584263065 9.23584263065
528 131072 740.0 740.0 740.0 187.043286486 187.043286486 187.043286486 11.6902054054 11.6902054054 11.6902054054
576 131072 908.0 908.0 908.0 166.293991189 166.293991189 166.293991189 10.3933744493 10.3933744493 10.3933744493
632 131072 1123.0 1123.0 1123.0 147.528947462 147.528947462 147.528947462 9.22055921638 9.22055921638 9.22055921638
688 131072 1020.0 1020.0 1020.0 176.818698039 176.818698039 176.818698039 11.0511686275 11.0511686275 11.0511686275
752 131072 1243.0 1243.0 1243.0 158.593956557 158.593956557 158.593956557 9.91212228479 9.91212228479 9.91212228479
824 131072 1217.0 1217.0 1217.0 177.491089565 177.491089565 177.491089565 11.0931930978 11.0931930978 11.0931930978
904 131072 1215.0 1215.0 1215.0 195.043766255 195.043766255 195.043766255 12.1902353909 12.1902353909 12.1902353909
992 131072 1522.0 1522.0 1522.0 170.858638633 170.858638633 170.858638633 10.6786649146 10.6786649146 10.6786649146
1088 65536 796.0 796.0 796.0 179.153688442 179.153688442 179.153688442 11.1971055276 11.1971055276 11.1971055276
1192 65536 841.0 841.0 841.0 185.776247325 185.776247325 185.776247325 11.6110154578 11.6110154578 11.6110154578
1304 65536 895.0 895.0 895.0 190.969707263 190.969707263 190.969707263 11.9356067039 11.9356067039 11.9356067039
1432 65536 977.0 977.0 977.0 192.11371955 192.11371955 192.11371955 12.0071074719 12.0071074719 12.0071074719
1568 65536 1077.0 1077.0 1077.0 190.827201486 190.827201486 190.827201486 11.9267000929 11.9267000929 11.9267000929
1720 65536 1200.0 1200.0 1200.0 187.869866667 187.869866667 187.869866667 11.7418666667 11.7418666667 11.7418666667
1888 65536 1408.0 1408.0 1408.0 175.755636364 175.755636364 175.755636364 10.9847272727 10.9847272727 10.9847272727
2072 32768 706.0 706.0 706.0 192.337949008 192.337949008 192.337949008 12.021121813 12.021121813 12.021121813
2272 32768 818.0 818.0 818.0 182.026640587 182.026640587 182.026640587 11.3766650367 11.3766650367 11.3766650367
2496 32768 866.0 866.0 866.0 188.888979215 188.888979215 188.888979215 11.8055612009 11.8055612009 11.8055612009
2744 32768 943.0 943.0 943.0 190.700725345 190.700725345 190.700725345 11.918795334 11.918795334 11.918795334
3016 32768 1054.0 1054.0 1054.0 187.529958254 187.529958254 187.529958254 11.7206223909 11.7206223909 11.7206223909
3312 32768 1159.0 1159.0 1159.0 187.278025884 187.278025884 187.278025884 11.7048766178 11.7048766178 11.7048766178
3640 32768 1236.0 1236.0 1236.0 193.002459547 193.002459547 193.002459547 12.0626537217 12.0626537217 12.0626537217
4000 32768 1354.0 1354.0 1354.0 193.607090103 193.607090103 193.607090103 12.1004431315 12.1004431315 12.1004431315
4400 16384 811.0 811.0 811.0 177.779531443 177.779531443 177.779531443 11.1112207152 11.1112207152 11.1112207152
4840 16384 926.0 926.0 926.0 171.271187905 171.271187905 171.271187905 10.7044492441 10.7044492441 10.7044492441
5320 16384 982.0 982.0 982.0 177.52114053 177.52114053 177.52114053 11.0950712831 11.0950712831 11.0950712831
5848 16384 1072.0 1072.0 1072.0 178.756776119 178.756776119 178.756776119 11.1722985075 11.1722985075 11.1722985075
6432 16384 1153.0 1153.0 1153.0 182.795989592 182.795989592 182.795989592 11.4247493495 11.4247493495 11.4247493495
7072 16384 1270.0 1270.0 1270.0 182.468737008 182.468737008 182.468737008 11.404296063 11.404296063 11.404296063
7776 16384 1390.0 1390.0 1390.0 183.312207194 183.312207194 183.312207194 11.4570129496 11.4570129496 11.4570129496
8552 8192 804.0 804.0 804.0 174.27359204 174.27359204 174.27359204 10.8920995025 10.8920995025 10.8920995025
9400 8192 881.0 881.0 881.0 174.812258797 174.812258797 174.812258797 10.9257661748 10.9257661748 10.9257661748
10336 8192 949.0 949.0 949.0 178.44575764 178.44575764 178.44575764 11.1528598525 11.1528598525 11.1528598525
11368 8192 1035.0 1035.0 1035.0 179.954890821 179.954890821 179.954890821 11.2471806763 11.2471806763 11.2471806763
12504 8192 1164.0 1164.0 1164.0 176.001319588 176.001319588 176.001319588 11.0000824742 11.0000824742 11.0000824742
13752 8192 1266.0 1266.0 1266.0 177.972170616 177.972170616 177.972170616 11.1232606635 11.1232606635 11.1232606635
15120 8192 1382.0 1382.0 1382.0 179.25186686 179.25186686 179.25186686 11.2032416787 11.2032416787 11.2032416787
16632 4096 792.0 792.0 792.0 172.032 172.032 172.032 10.752 10.752 10.752
18288 4096 835.0 835.0 835.0 179.419516168 179.419516168 179.419516168 11.2137197605 11.2137197605 11.2137197605
20112 4096 916.0 916.0 916.0 179.866270742 179.866270742 179.866270742 11.2416419214 11.2416419214 11.2416419214
22120 4096 1009.0 1009.0 1009.0 179.590723489 179.590723489 179.590723489 11.224420218 11.224420218 11.224420218
24328 4096 1108.0 1108.0 1108.0 179.869111913 179.869111913 179.869111913 11.2418194946 11.2418194946 11.2418194946
26760 4096 1226.0 1226.0 1226.0 178.807438825 178.807438825 178.807438825 11.1754649266 11.1754649266 11.1754649266
29432 4096 1363.0 1363.0 1363.0 176.894309611 176.894309611 176.894309611 11.0558943507 11.0558943507 11.0558943507
32368 4096 1495.0 1495.0 1495.0 177.363649498 177.363649498 177.363649498 11.0852280936 11.0852280936 11.0852280936
35600 2048 981.0 981.0 981.0 148.641794088 148.641794088 148.641794088 9.29011213048 9.29011213048 9.29011213048
39160 2048 1168.0 1168.0 1168.0 137.328219178 137.328219178 137.328219178 8.58301369863 8.58301369863 8.58301369863
43072 2048 1268.0 1268.0 1268.0 139.134788644 139.134788644 139.134788644 8.69592429022 8.69592429022 8.69592429022
47376 2048 1402.0 1402.0 1402.0 138.410910128 138.410910128 138.410910128 8.65068188302 8.65068188302 8.65068188302
52112 2048 1539.0 1539.0 1539.0 138.694445744 138.694445744 138.694445744 8.668402859 8.668402859 8.668402859
57320 2048 1694.0 1694.0 1694.0 138.596646989 138.596646989 138.596646989 8.66229043684 8.66229043684 8.66229043684
63048 2048 1852.0 1852.0 1852.0 139.440933045 139.440933045 139.440933045 8.71505831533 8.71505831533 8.71505831533
69352 1024 1022.0 1022.0 1022.0 138.975436399 138.975436399 138.975436399 8.68596477495 8.68596477495 8.68596477495
76280 1024 1124.0 1124.0 1124.0 138.987046263 138.987046263 138.987046263 8.68669039146 8.68669039146 8.68669039146
83904 1024 1290.0 1290.0 1290.0 133.205730233 133.205730233 133.205730233 8.32535813953 8.32535813953 8.32535813953
92288 1024 1415.0 1415.0 1415.0 133.573020495 133.573020495 133.573020495 8.34831378092 8.34831378092 8.34831378092
101512 1024 1558.0 1558.0 1558.0 133.438110398 133.438110398 133.438110398 8.33988189987 8.33988189987 8.33988189987
111656 1024 1713.0 1713.0 1713.0 133.491820198 133.491820198 133.491820198 8.34323876241 8.34323876241 8.34323876241
122816 1024 1869.0 1869.0 1869.0 134.57847405 134.57847405 134.57847405 8.41115462814 8.41115462814 8.41115462814
135096 512 1043.0 1043.0 1043.0 132.634999041 132.634999041 132.634999041 8.28968744008 8.28968744008 8.28968744008
148600 512 1149.0 1149.0 1149.0 132.433768494 132.433768494 132.433768494 8.2771105309 8.2771105309 8.2771105309
163456 512 1283.0 1283.0 1283.0 130.459036633 130.459036633 130.459036633 8.15368978956 8.15368978956 8.15368978956
179800 512 1450.0 1450.0 1450.0 126.976 126.976 126.976 7.936 7.936 7.936
197776 512 1612.0 1612.0 1612.0 125.634382134 125.634382134 125.634382134 7.85214888337 7.85214888337 7.85214888337
217552 512 1811.0 1811.0 1811.0 123.011180563 123.011180563 123.011180563 7.6881987852 7.6881987852 7.6881987852
239304 512 2049.0 2049.0 2049.0 119.593604685 119.593604685 119.593604685 7.47460029283 7.47460029283 7.47460029283
263232 256 1102.0 1102.0 1102.0 122.300166969 122.300166969 122.300166969 7.64376043557 7.64376043557 7.64376043557
289552 256 1236.0 1236.0 1236.0 119.94387055 119.94387055 119.94387055 7.49649190939 7.49649190939 7.49649190939
318504 256 1451.0 1451.0 1451.0 112.387352171 112.387352171 112.387352171 7.02420951068 7.02420951068 7.02420951068
350352 256 1671.0 1671.0 1671.0 107.34902693 107.34902693 107.34902693 6.70931418312 6.70931418312 6.70931418312
385384 256 1899.0 1899.0 1899.0 103.905533439 103.905533439 103.905533439 6.49409583992 6.49409583992 6.49409583992
423920 256 2146.0 2146.0 2146.0 101.14027959 101.14027959 101.14027959 6.32126747437 6.32126747437 6.32126747437
466312 256 2431.0 2431.0 2431.0 98.2113303167 98.2113303167 98.2113303167 6.1382081448 6.1382081448 6.1382081448
512936 256 2739.0 2739.0 2739.0 95.8828886455 95.8828886455 95.8828886455 5.99268054034 5.99268054034 5.99268054034
564224 128 1491.0 1491.0 1491.0 96.8754822267 96.8754822267 96.8754822267 6.05471763917 6.05471763917 6.05471763917
620640 128 1635.0 1635.0 1635.0 97.1766605505 97.1766605505 97.1766605505 6.0735412844 6.0735412844 6.0735412844
682704 128 1816.0 1816.0 1816.0 96.2402114537 96.2402114537 96.2402114537 6.01501321586 6.01501321586 6.01501321586
750968 128 1999.0 1999.0 1999.0 96.171989995 96.171989995 96.171989995 6.01074937469 6.01074937469 6.01074937469
826064 128 2195.0 2195.0 2195.0 96.342771754 96.342771754 96.342771754 6.02142323462 6.02142323462 6.02142323462
908664 128 2411.0 2411.0 2411.0 96.4819510577 96.4819510577 96.4819510577 6.0301219411 6.0301219411 6.0301219411
999528 128 2841.0 2841.0 2841.0 90.0665850053 90.0665850053 90.0665850053 5.62916156283 5.62916156283 5.62916156283
1099480 64 1527.0 1527.0 1527.0 92.1633529797 92.1633529797 92.1633529797 5.76020956123 5.76020956123 5.76020956123
1209424 64 1705.0 1705.0 1705.0 90.7954674487 90.7954674487 90.7954674487 5.67471671554 5.67471671554 5.67471671554
1330360 64 1936.0 1936.0 1936.0 87.9576859504 87.9576859504 87.9576859504 5.4973553719 5.4973553719 5.4973553719
1463392 64 2147.0 2147.0 2147.0 87.2446092222 87.2446092222 87.2446092222 5.45278807639 5.45278807639 5.45278807639
1609728 64 2244.0 2244.0 2244.0 91.8204919786 91.8204919786 91.8204919786 5.73878074866 5.73878074866 5.73878074866
1770696 64 2453.0 2453.0 2453.0 92.3966930289 92.3966930289 92.3966930289 5.77479331431 5.77479331431 5.77479331431
1947760 64 2672.0 2672.0 2672.0 93.3058682635 93.3058682635 93.3058682635 5.83161676647 5.83161676647 5.83161676647
2142536 32 1475.0 1475.0 1475.0 92.9642738983 92.9642738983 92.9642738983 5.81026711864 5.81026711864 5.81026711864
2356784 32 1656.0 1656.0 1656.0 91.0834396135 91.0834396135 91.0834396135 5.69271497585 5.69271497585 5.69271497585
2592456 32 1796.0 1796.0 1796.0 92.3815055679 92.3815055679 92.3815055679 5.773844098 5.773844098 5.773844098
2851696 32 1912.0 1912.0 1912.0 95.4542594142 95.4542594142 95.4542594142 5.96589121339 5.96589121339 5.96589121339
3136864 32 2138.0 2138.0 2138.0 93.9005126286 93.9005126286 93.9005126286 5.86878203929 5.86878203929 5.86878203929
3450544 32 2316.0 2316.0 2316.0 95.35182038 95.35182038 95.35182038 5.95948877375 5.95948877375 5.95948877375
3795592 32 2589.0 2589.0 2589.0 93.8269169564 93.8269169564 93.8269169564 5.86418230977 5.86418230977 5.86418230977
4175144 32 2812.0 2812.0 2812.0 95.0246145092 95.0246145092 95.0246145092 5.93903840683 5.93903840683 5.93903840683
4592656 16 1558.0 1558.0 1558.0 94.3292631579 94.3292631579 94.3292631579 5.89557894737 5.89557894737 5.89557894737
5051920 16 1688.0 1688.0 1688.0 95.7709952607 95.7709952607 95.7709952607 5.98568720379 5.98568720379 5.98568720379
5557112 16 1890.0 1890.0 1890.0 94.0886687831 94.0886687831 94.0886687831 5.88054179894 5.88054179894 5.88054179894
6112816 16 2225.0 2225.0 2225.0 87.9146570787 87.9146570787 87.9146570787 5.49466606742 5.49466606742 5.49466606742
6724096 16 2673.0 2673.0 2673.0 80.4979693229 80.4979693229 80.4979693229 5.03112308268 5.03112308268 5.03112308268
7396504 16 3277.0 3277.0 3277.0 72.2270759841 72.2270759841 72.2270759841 4.51419224901 4.51419224901 4.51419224901
8136152 16 3666.0 3666.0 3666.0 71.01933006 71.01933006 71.01933006 4.43870812875 4.43870812875 4.43870812875
8949760 8 2120.0 2120.0 2120.0 67.5453584906 67.5453584906 67.5453584906 4.22158490566 4.22158490566 4.22158490566
9844736 8 2360.0 2360.0 2360.0 66.7439728814 66.7439728814 66.7439728814 4.17149830508 4.17149830508 4.17149830508
10829208 8 2557.0 2557.0 2557.0 67.7619585452 67.7619585452 67.7619585452 4.23512240907 4.23512240907 4.23512240907
11912128 8 2908.0 2908.0 2908.0 65.5412819807 65.5412819807 65.5412819807 4.0963301238 4.0963301238 4.0963301238
13103336 8 3477.0 3477.0 3477.0 60.2972033362 60.2972033362 60.2972033362 3.76857520851 3.76857520851 3.76857520851
14413664 8 5658.0 5658.0 5658.0 40.7597426653 40.7597426653 40.7597426653 2.54748391658 2.54748391658 2.54748391658
15855024 8 6420.0 6420.0 6420.0 39.5140785047 39.5140785047 39.5140785047 2.46962990654 2.46962990654 2.46962990654
17440520 4 3843.0 3843.0 3843.0 36.3060525631 36.3060525631 36.3060525631 2.26912828519 2.26912828519 2.26912828519
19184568 4 4089.0 4089.0 4089.0 37.5340044021 37.5340044021 37.5340044021 2.34587527513 2.34587527513 2.34587527513
21103024 4 4747.0 4747.0 4747.0 35.5643968822 35.5643968822 35.5643968822 2.22277480514 2.22277480514 2.22277480514
23213320 4 5492.0 5492.0 5492.0 33.81401311 33.81401311 33.81401311 2.11337581937 2.11337581937 2.11337581937
25534648 4 5430.0 5430.0 5430.0 37.6201075506 37.6201075506 37.6201075506 2.35125672192 2.35125672192 2.35125672192
28088112 4 6000.0 6000.0 6000.0 37.450816 37.450816 37.450816 2.340676 2.340676 2.340676
30896920 4 9827.0 9827.0 9827.0 25.1526773176 25.1526773176 25.1526773176 1.57204233235 1.57204233235 1.57204233235
33986608 2 4701.0 4701.0 4701.0 28.9186198681 28.9186198681 28.9186198681 1.80741374176 1.80741374176 1.80741374176
37385264 2 5540.0 5540.0 5540.0 26.9929703971 26.9929703971 26.9929703971 1.68706064982 1.68706064982 1.68706064982
41123784 2 6864.0 6864.0 6864.0 23.9649090909 23.9649090909 23.9649090909 1.49780681818 1.49780681818 1.49780681818
45236160 2 7147.0 7147.0 7147.0 25.3175654121 25.3175654121 25.3175654121 1.58234783825 1.58234783825 1.58234783825
49759776 2 7383.0 7383.0 7383.0 26.9591093052 26.9591093052 26.9591093052 1.68494433157 1.68494433157 1.68494433157
54735752 2 8930.0 8930.0 8930.0 24.5176940649 24.5176940649 24.5176940649 1.53235587906 1.53235587906 1.53235587906
60209320 2 8539.0 8539.0 8539.0 28.2043892727 28.2043892727 28.2043892727 1.76277432955 1.76277432955 1.76277432955
66230248 2 9080.0 9080.0 9080.0 29.1763207048 29.1763207048 29.1763207048 1.82352004405 1.82352004405 1.82352004405
72853272 1 4967.0 4967.0 4967.0 29.3349192672 29.3349192672 29.3349192672 1.8334324542 1.8334324542 1.8334324542
80138592 1 5626.0 5626.0 5626.0 28.4886569499 28.4886569499 28.4886569499 1.78054105937 1.78054105937 1.78054105937
88152448 1 5978.0 5978.0 5978.0 29.4922877216 29.4922877216 29.4922877216 1.8432679826 1.8432679826 1.8432679826
96967688 1 6639.0 6639.0 6639.0 29.2115342672 29.2115342672 29.2115342672 1.8257208917 1.8257208917 1.8257208917
106664456 1 7246.0 7246.0 7246.0 29.4409207839 29.4409207839 29.4409207839 1.84005754899 1.84005754899 1.84005754899
117330896 1 7978.0 7978.0 7978.0 29.4136114314 29.4136114314 29.4136114314 1.83835071446 1.83835071446 1.83835071446
129063984 1 8838.0 8838.0 8838.0 29.2066042091 29.2066042091 29.2066042091 1.82541276307 1.82541276307 1.82541276307

META_DATA
ERT_VERSION  1.1.0
HOSTNAME  ('13050fbf6aa8', [], ['172.17.0.3'])
UNAME  ('Linux', '13050fbf6aa8', '4.19.76-linuxkit', '#1 SMP Thu Oct 17 19:31:58 UTC 2019', 'x86_64', 'x86_64')
TIMESTAMP_DATA  1588047431.88
FLOPS          1
CONFIG  {'ERT_WORKING_SET_MIN': ['1'], 'ERT_CFLAGS': ['-Ofast', '-march=native'], 'ERT_CC': ['cc'], 'ERT_MPI_CFLAGS': [], 'ERT_MPI_LDFLAGS': [], 'ERT_MEMORY_MAX': ['134217728', '#', '128MB'], 'ERT_LDFLAGS': [], 'ERT_LDLIBS': [], 'ERT_RUN': ['./ERT_CODE'], 'ERT_FLOPS': ['1,4,16,64'], 'ERT_OPENMP_CFLAGS': ['-fopenmp'], 'ERT_MPI': ['False'], 'ERT_TRIALS_MIN': ['1'], 'ERT_DRIVER': ['driver1'], 'ERT_RESULTS': ['Sequential'], 'ERT_OPENMP': ['False'], 'ERT_KERNEL': ['kernel1'], 'ERT_GPU': [False], 'ERT_LD': ['cc'], 'ERT_NUM_EXPERIMENTS': ['1'], 'ERT_OPENMP_LDFLAGS': ['-fopenmp'], 'ERT_ALIGN': ['64'], 'ERT_GNUPLOT': ['gnuplot']}
