8 16777216 32708.0 32708.0 32708.0 8.2070275162 8.2070275162 8.2070275162 0.512939219763 0.512939219763 0.512939219763
16 8388608 16461.0 16461.0 16461.0 16.3073601847 16.3073601847 16.3073601847 1.01921001154 1.01921001154 1.01921001154
24 4194304 8187.0 8187.0 8187.0 24.5910091609 24.5910091609 24.5910091609 1.53693807255 1.53693807255 1.53693807255
32 4194304 8351.0 8351.0 8351.0 32.1441092085 32.1441092085 32.1441092085 2.00900682553 2.00900682553 2.00900682553
40 2097152 4740.0 4740.0 4740.0 35.3949704641 35.3949704641 35.3949704641 2.21218565401 2.21218565401 2.21218565401
48 2097152 5456.0 5456.0 5456.0 36.9000351906 36.9000351906 36.9000351906 2.30625219941 2.30625219941 2.30625219941
56 2097152 5526.0 5526.0 5526.0 42.5047093739 42.5047093739 42.5047093739 2.65654433587 2.65654433587 2.65654433587
64 2097152 5436.0 5436.0 5436.0 49.381062546 49.381062546 49.381062546 3.08631640912 3.08631640912 3.08631640912
72 1048576 2951.0 2951.0 2951.0 51.1673819044 51.1673819044 51.1673819044 3.19796136903 3.19796136903 3.19796136903
80 1048576 3206.0 3206.0 3206.0 52.330679975 52.330679975 52.330679975 3.27066749844 3.27066749844 3.27066749844
88 1048576 3415.0 3415.0 3415.0 54.0408128843 54.0408128843 54.0408128843 3.37755080527 3.37755080527 3.37755080527
96 1048576 3900.0 3900.0 3900.0 51.6222030769 51.6222030769 51.6222030769 3.22638769231 3.22638769231 3.22638769231
104 1048576 8923.0 8923.0 8923.0 24.4428788524 24.4428788524 24.4428788524 1.52767992828 1.52767992828 1.52767992828
112 1048576 4372.0 4372.0 4372.0 53.7239304666 53.7239304666 53.7239304666 3.35774565416 3.35774565416 3.35774565416
120 1048576 4548.0 4548.0 4548.0 55.3338258575 55.3338258575 55.3338258575 3.45836411609 3.45836411609 3.45836411609
128 1048576 2505.0 2505.0 2505.0 107.159862675 107.159862675 107.159862675 6.69749141717 6.69749141717 6.69749141717
136 524288 1258.0 1258.0 1258.0 113.359567568 113.359567568 113.359567568 7.08497297297 7.08497297297 7.08497297297
144 524288 1243.0 1243.0 1243.0 121.476222043 121.476222043 121.476222043 7.59226387772 7.59226387772 7.59226387772
152 524288 1311.0 1311.0 1311.0 121.574028986 121.574028986 121.574028986 7.59837681159 7.59837681159 7.59837681159
160 524288 1526.0 1526.0 1526.0 109.942437746 109.942437746 109.942437746 6.87140235911 6.87140235911 6.87140235911
176 524288 1578.0 1578.0 1578.0 116.951442332 116.951442332 116.951442332 7.30946514575 7.30946514575 7.30946514575
192 524288 1837.0 1837.0 1837.0 109.595314099 109.595314099 109.595314099 6.84970713119 6.84970713119 6.84970713119
208 524288 2099.0 2099.0 2099.0 103.908436398 103.908436398 103.908436398 6.49427727489 6.49427727489 6.49427727489
224 524288 2490.0 2490.0 2490.0 94.3297285141 94.3297285141 94.3297285141 5.89560803213 5.89560803213 5.89560803213
240 524288 2883.0 2883.0 2883.0 87.2904058273 87.2904058273 87.2904058273 5.4556503642 5.4556503642 5.4556503642
264 262144 859.0 859.0 859.0 161.131585565 161.131585565 161.131585565 10.0707240978 10.0707240978 10.0707240978
288 262144 1020.0 1020.0 1020.0 148.034258824 148.034258824 148.034258824 9.25214117647 9.25214117647 9.25214117647
312 262144 1131.0 1131.0 1131.0 144.631172414 144.631172414 144.631172414 9.03944827586 9.03944827586 9.03944827586
336 262144 1305.0 1305.0 1305.0 134.989094253 134.989094253 134.989094253 8.4368183908 8.4368183908 8.4368183908
368 262144 1619.0 1619.0 1619.0 119.171083385 119.171083385 119.171083385 7.44819271155 7.44819271155 7.44819271155
400 262144 1131.0 1131.0 1131.0 185.424580018 185.424580018 185.424580018 11.5890362511 11.5890362511 11.5890362511
440 262144 1500.0 1500.0 1500.0 153.791146667 153.791146667 153.791146667 9.61194666667 9.61194666667 9.61194666667
480 262144 1746.0 1746.0 1746.0 144.134158076 144.134158076 144.134158076 9.00838487973 9.00838487973 9.00838487973
528 131072 743.0 743.0 743.0 186.288064603 186.288064603 186.288064603 11.6430040377 11.6430040377 11.6430040377
576 131072 946.0 946.0 946.0 159.614105708 159.614105708 159.614105708 9.97588160677 9.97588160677 9.97588160677
632 131072 1124.0 1124.0 1124.0 147.39769395 147.39769395 147.39769395 9.21235587189 9.21235587189 9.21235587189
688 131072 1020.0 1020.0 1020.0 176.818698039 176.818698039 176.818698039 11.0511686275 11.0511686275 11.0511686275
752 131072 1243.0 1243.0 1243.0 158.593956557 158.593956557 158.593956557 9.91212228479 9.91212228479 9.91212228479
824 131072 1217.0 1217.0 1217.0 177.491089565 177.491089565 177.491089565 11.0931930978 11.0931930978 11.0931930978
904 131072 1217.0 1217.0 1217.0 194.723234182 194.723234182 194.723234182 12.1702021364 12.1702021364 12.1702021364
992 131072 1522.0 1522.0 1522.0 170.858638633 170.858638633 170.858638633 10.6786649146 10.6786649146 10.6786649146
1088 65536 796.0 796.0 796.0 179.153688442 179.153688442 179.153688442 11.1971055276 11.1971055276 11.1971055276
1192 65536 849.0 849.0 849.0 184.025705536 184.025705536 184.025705536 11.501606596 11.501606596 11.501606596
1304 65536 895.0 895.0 895.0 190.969707263 190.969707263 190.969707263 11.9356067039 11.9356067039 11.9356067039
1432 65536 978.0 978.0 978.0 191.917284254 191.917284254 191.917284254 11.9948302658 11.9948302658 11.9948302658
1568 65536 1080.0 1080.0 1080.0 190.297125926 190.297125926 190.297125926 11.8935703704 11.8935703704 11.8935703704
1720 65536 1213.0 1213.0 1213.0 185.856422094 185.856422094 185.856422094 11.6160263809 11.6160263809 11.6160263809
1888 65536 1364.0 1364.0 1364.0 181.425173021 181.425173021 181.425173021 11.3390733138 11.3390733138 11.3390733138
2072 32768 705.0 705.0 705.0 192.610768794 192.610768794 192.610768794 12.0381730496 12.0381730496 12.0381730496
2272 32768 814.0 814.0 814.0 182.921120393 182.921120393 182.921120393 11.4325700246 11.4325700246 11.4325700246
2496 32768 852.0 852.0 852.0 191.992788732 191.992788732 191.992788732 11.9995492958 11.9995492958 11.9995492958
2744 32768 951.0 951.0 951.0 189.096513144 189.096513144 189.096513144 11.8185320715 11.8185320715 11.8185320715
3016 32768 1050.0 1050.0 1050.0 188.244358095 188.244358095 188.244358095 11.765272381 11.765272381 11.765272381
3312 32768 1190.0 1190.0 1190.0 182.399354622 182.399354622 182.399354622 11.3999596639 11.3999596639 11.3999596639
3640 32768 1250.0 1250.0 1250.0 190.840832 190.840832 190.840832 11.927552 11.927552 11.927552
4000 32768 1368.0 1368.0 1368.0 191.625730994 191.625730994 191.625730994 11.9766081871 11.9766081871 11.9766081871
4400 16384 833.0 833.0 833.0 173.084273709 173.084273709 173.084273709 10.8177671068 10.8177671068 10.8177671068
4840 16384 901.0 901.0 901.0 176.023440622 176.023440622 176.023440622 11.0014650388 11.0014650388 11.0014650388
5320 16384 1004.0 1004.0 1004.0 173.63123506 173.63123506 173.63123506 10.8519521912 10.8519521912 10.8519521912
5848 16384 1106.0 1106.0 1106.0 173.261540687 173.261540687 173.261540687 10.8288462929 10.8288462929 10.8288462929
6432 16384 1166.0 1166.0 1166.0 180.757955403 180.757955403 180.757955403 11.2973722127 11.2973722127 11.2973722127
7072 16384 1275.0 1275.0 1275.0 181.753173333 181.753173333 181.753173333 11.3595733333 11.3595733333 11.3595733333
7776 16384 1426.0 1426.0 1426.0 178.684409537 178.684409537 178.684409537 11.1677755961 11.1677755961 11.1677755961
8552 8192 795.0 795.0 795.0 176.246500629 176.246500629 176.246500629 11.0154062893 11.0154062893 11.0154062893
9400 8192 860.0 860.0 860.0 179.080930233 179.080930233 179.080930233 11.1925581395 11.1925581395 11.1925581395
10336 8192 965.0 965.0 965.0 175.487071503 175.487071503 175.487071503 10.9679419689 10.9679419689 10.9679419689
11368 8192 1040.0 1040.0 1040.0 179.089723077 179.089723077 179.089723077 11.1931076923 11.1931076923 11.1931076923
12504 8192 1233.0 1233.0 1233.0 166.152097324 166.152097324 166.152097324 10.3845060827 10.3845060827 10.3845060827
13752 8192 1280.0 1280.0 1280.0 176.0256 176.0256 176.0256 11.0016 11.0016 11.0016
15120 8192 1388.0 1388.0 1388.0 178.477002882 178.477002882 178.477002882 11.1548126801 11.1548126801 11.1548126801
16632 4096 770.0 770.0 770.0 176.9472 176.9472 176.9472 11.0592 11.0592 11.0592
18288 4096 852.0 852.0 852.0 175.839549296 175.839549296 175.839549296 10.989971831 10.989971831 10.989971831
20112 4096 922.0 922.0 922.0 178.695774403 178.695774403 178.695774403 11.1684859002 11.1684859002 11.1684859002
22120 4096 1043.0 1043.0 1043.0 173.736375839 173.736375839 173.736375839 10.8585234899 10.8585234899 10.8585234899
24328 4096 1122.0 1122.0 1122.0 177.624755793 177.624755793 177.624755793 11.1015472371 11.1015472371 11.1015472371
26760 4096 1228.0 1228.0 1228.0 178.516221498 178.516221498 178.516221498 11.1572638436 11.1572638436 11.1572638436
29432 4096 1390.0 1390.0 1390.0 173.458233094 173.458233094 173.458233094 10.8411395683 10.8411395683 10.8411395683
32368 4096 1582.0 1582.0 1582.0 167.609769912 167.609769912 167.609769912 10.4756106195 10.4756106195 10.4756106195
35600 2048 982.0 982.0 982.0 148.490427699 148.490427699 148.490427699 9.28065173116 9.28065173116 9.28065173116
39160 2048 1155.0 1155.0 1155.0 138.873904762 138.873904762 138.873904762 8.67961904762 8.67961904762 8.67961904762
43072 2048 1268.0 1268.0 1268.0 139.134788644 139.134788644 139.134788644 8.69592429022 8.69592429022 8.69592429022
47376 2048 1406.0 1406.0 1406.0 138.01713798 138.01713798 138.01713798 8.62607112376 8.62607112376 8.62607112376
52112 2048 1543.0 1543.0 1543.0 138.334900843 138.334900843 138.334900843 8.64593130266 8.64593130266 8.64593130266
57320 2048 1679.0 1679.0 1679.0 139.83485408 139.83485408 139.83485408 8.73967837999 8.73967837999 8.73967837999
63048 2048 1865.0 1865.0 1865.0 138.468958713 138.468958713 138.468958713 8.65430991957 8.65430991957 8.65430991957
69352 1024 1037.0 1037.0 1037.0 136.965184185 136.965184185 136.965184185 8.56032401157 8.56032401157 8.56032401157
76280 1024 1220.0 1220.0 1220.0 128.050360656 128.050360656 128.050360656 8.00314754098 8.00314754098 8.00314754098
83904 1024 1295.0 1295.0 1295.0 132.691422394 132.691422394 132.691422394 8.29321389961 8.29321389961 8.29321389961
92288 1024 1475.0 1475.0 1475.0 128.139541695 128.139541695 128.139541695 8.00872135593 8.00872135593 8.00872135593
101512 1024 1620.0 1620.0 1620.0 128.331219753 128.331219753 128.331219753 8.02070123457 8.02070123457 8.02070123457
111656 1024 1752.0 1752.0 1752.0 130.520255708 130.520255708 130.520255708 8.15751598174 8.15751598174 8.15751598174
122816 1024 1947.0 1947.0 1947.0 129.187040575 129.187040575 129.187040575 8.07419003595 8.07419003595 8.07419003595
135096 512 1073.0 1073.0 1073.0 128.926657968 128.926657968 128.926657968 8.05791612302 8.05791612302 8.05791612302
148600 512 1192.0 1192.0 1192.0 127.656375839 127.656375839 127.656375839 7.97852348993 7.97852348993 7.97852348993
163456 512 1309.0 1309.0 1309.0 127.867795264 127.867795264 127.867795264 7.99173720397 7.99173720397 7.99173720397
179800 512 1442.0 1442.0 1442.0 127.680443828 127.680443828 127.680443828 7.98002773925 7.98002773925 7.98002773925
197776 512 1572.0 1572.0 1572.0 128.831185751 128.831185751 128.831185751 8.05194910941 8.05194910941 8.05194910941
217552 512 1748.0 1748.0 1748.0 127.444649886 127.444649886 127.444649886 7.96529061785 7.96529061785 7.96529061785
239304 512 1946.0 1946.0 1946.0 125.923584789 125.923584789 125.923584789 7.87022404933 7.87022404933 7.87022404933
263232 256 1079.0 1079.0 1079.0 124.907121409 124.907121409 124.907121409 7.80669508804 7.80669508804 7.80669508804
289552 256 1230.0 1230.0 1230.0 120.528962602 120.528962602 120.528962602 7.5330601626 7.5330601626 7.5330601626
318504 256 1412.0 1412.0 1412.0 115.491535411 115.491535411 115.491535411 7.21822096317 7.21822096317 7.21822096317
350352 256 1662.0 1662.0 1662.0 107.93033935 107.93033935 107.93033935 6.74564620939 6.74564620939 6.74564620939
385384 256 1958.0 1958.0 1958.0 100.774569969 100.774569969 100.774569969 6.29841062308 6.29841062308 6.29841062308
423920 256 2320.0 2320.0 2320.0 93.5547586207 93.5547586207 93.5547586207 5.84717241379 5.84717241379 5.84717241379
466312 256 2564.0 2564.0 2564.0 93.1169048362 93.1169048362 93.1169048362 5.81980655226 5.81980655226 5.81980655226
512936 256 2887.0 2887.0 2887.0 90.9675206096 90.9675206096 90.9675206096 5.6854700381 5.6854700381 5.6854700381
564224 128 1483.0 1483.0 1483.0 97.398074174 97.398074174 97.398074174 6.08737963587 6.08737963587 6.08737963587
620640 128 1681.0 1681.0 1681.0 94.5174538965 94.5174538965 94.5174538965 5.90734086853 5.90734086853 5.90734086853
682704 128 1889.0 1889.0 1889.0 92.5210291159 92.5210291159 92.5210291159 5.78256431975 5.78256431975 5.78256431975
750968 128 2123.0 2123.0 2123.0 90.5547847386 90.5547847386 90.5547847386 5.65967404616 5.65967404616 5.65967404616
826064 128 2335.0 2335.0 2335.0 90.5663314775 90.5663314775 90.5663314775 5.66039571734 5.66039571734 5.66039571734
908664 128 2491.0 2491.0 2491.0 93.3833737455 93.3833737455 93.3833737455 5.83646085909 5.83646085909 5.83646085909
999528 128 2845.0 2845.0 2845.0 89.9399536028 89.9399536028 89.9399536028 5.62124710018 5.62124710018 5.62124710018
1099480 64 1573.0 1573.0 1573.0 89.4681754609 89.4681754609 89.4681754609 5.59176096631 5.59176096631 5.59176096631
1209424 64 1714.0 1714.0 1714.0 90.3187117853 90.3187117853 90.3187117853 5.64491948658 5.64491948658 5.64491948658
1330360 64 1860.0 1860.0 1860.0 91.551655914 91.551655914 91.551655914 5.72197849462 5.72197849462 5.72197849462
1463392 64 2068.0 2068.0 2068.0 90.5774545455 90.5774545455 90.5774545455 5.66109090909 5.66109090909 5.66109090909
1609728 64 2269.0 2269.0 2269.0 90.8088074041 90.8088074041 90.8088074041 5.67555046276 5.67555046276 5.67555046276
1770696 64 2506.0 2506.0 2506.0 90.4425730247 90.4425730247 90.4425730247 5.65266081405 5.65266081405 5.65266081405
1947760 64 2760.0 2760.0 2760.0 90.3308985507 90.3308985507 90.3308985507 5.64568115942 5.64568115942 5.64568115942
2142536 32 1537.0 1537.0 1537.0 89.2142511386 89.2142511386 89.2142511386 5.57589069616 5.57589069616 5.57589069616
2356784 32 1672.0 1672.0 1672.0 90.2118277512 90.2118277512 90.2118277512 5.63823923445 5.63823923445 5.63823923445
2592456 32 1829.0 1829.0 1829.0 90.7146987425 90.7146987425 90.7146987425 5.66966867141 5.66966867141 5.66966867141
2851696 32 2100.0 2100.0 2100.0 86.9088304762 86.9088304762 86.9088304762 5.43180190476 5.43180190476 5.43180190476
3136864 32 2220.0 2220.0 2220.0 90.4321153153 90.4321153153 90.4321153153 5.65200720721 5.65200720721 5.65200720721
3450544 32 2415.0 2415.0 2415.0 91.4429879917 91.4429879917 91.4429879917 5.71518674948 5.71518674948 5.71518674948
3795592 32 2698.0 2698.0 2698.0 90.0362816901 90.0362816901 90.0362816901 5.62726760563 5.62726760563 5.62726760563
4175144 32 3201.0 3201.0 3201.0 83.476793502 83.476793502 83.476793502 5.21729959388 5.21729959388 5.21729959388
4592656 16 1648.0 1648.0 1648.0 89.1777864078 89.1777864078 89.1777864078 5.57361165049 5.57361165049 5.57361165049
5051920 16 1804.0 1804.0 1804.0 89.6127716186 89.6127716186 89.6127716186 5.60079822616 5.60079822616 5.60079822616
5557112 16 2053.0 2053.0 2053.0 86.6184042864 86.6184042864 86.6184042864 5.4136502679 5.4136502679 5.4136502679
6112816 16 2233.0 2233.0 2233.0 87.5996918943 87.5996918943 87.5996918943 5.47498074339 5.47498074339 5.47498074339
6724096 16 2585.0 2585.0 2585.0 83.2383257253 83.2383257253 83.2383257253 5.20239535783 5.20239535783 5.20239535783
7396504 16 2938.0 2938.0 2938.0 80.5609693669 80.5609693669 80.5609693669 5.03506058543 5.03506058543 5.03506058543
8136152 16 3127.0 3127.0 3127.0 83.2609094979 83.2609094979 83.2609094979 5.20380684362 5.20380684362 5.20380684362
8949760 8 1898.0 1898.0 1898.0 75.4458166491 75.4458166491 75.4458166491 4.71536354057 4.71536354057 4.71536354057
9844736 8 1964.0 1964.0 1964.0 80.2015152749 80.2015152749 80.2015152749 5.01259470468 5.01259470468 5.01259470468
10829208 8 2257.0 2257.0 2257.0 76.7688648649 76.7688648649 76.7688648649 4.79805405405 4.79805405405 4.79805405405
11912128 8 2842.0 2842.0 2842.0 67.0633525686 67.0633525686 67.0633525686 4.19145953554 4.19145953554 4.19145953554
13103336 8 3071.0 3071.0 3071.0 68.2687645718 68.2687645718 68.2687645718 4.26679778574 4.26679778574 4.26679778574
14413664 8 4360.0 4360.0 4360.0 52.8941798165 52.8941798165 52.8941798165 3.30588623853 3.30588623853 3.30588623853
15855024 8 5094.0 5094.0 5094.0 49.7998398115 49.7998398115 49.7998398115 3.11248998822 3.11248998822 3.11248998822
17440520 4 2947.0 2947.0 2947.0 47.3444723448 47.3444723448 47.3444723448 2.95902952155 2.95902952155 2.95902952155
19184568 4 3592.0 3592.0 3592.0 42.7273229399 42.7273229399 42.7273229399 2.67045768374 2.67045768374 2.67045768374
21103024 4 4029.0 4029.0 4029.0 41.9022566394 41.9022566394 41.9022566394 2.61889103996 2.61889103996 2.61889103996
23213320 4 4694.0 4694.0 4694.0 39.562539412 39.562539412 39.562539412 2.47265871325 2.47265871325 2.47265871325
25534648 4 4957.0 4957.0 4957.0 41.2098414364 41.2098414364 41.2098414364 2.57561508977 2.57561508977 2.57561508977
28088112 4 5650.0 5650.0 5650.0 39.7707780531 39.7707780531 39.7707780531 2.48567362832 2.48567362832 2.48567362832
30896920 4 6459.0 6459.0 6459.0 38.2683635238 38.2683635238 38.2683635238 2.39177272024 2.39177272024 2.39177272024
33986608 2 3682.0 3682.0 3682.0 36.921898968 36.921898968 36.921898968 2.3076186855 2.3076186855 2.3076186855
37385264 2 4133.0 4133.0 4133.0 36.1822056617 36.1822056617 36.1822056617 2.26138785386 2.26138785386 2.26138785386
41123784 2 4643.0 4643.0 4643.0 35.4286314883 35.4286314883 35.4286314883 2.21428946802 2.21428946802 2.21428946802
45236160 2 5446.0 5446.0 5446.0 33.2252368711 33.2252368711 33.2252368711 2.07657730444 2.07657730444 2.07657730444
49759776 2 6080.0 6080.0 6080.0 32.7366947368 32.7366947368 32.7366947368 2.04604342105 2.04604342105 2.04604342105
54735752 2 6637.0 6637.0 6637.0 32.9882489076 32.9882489076 32.9882489076 2.06176555673 2.06176555673 2.06176555673
60209320 2 7641.0 7641.0 7641.0 31.5190786546 31.5190786546 31.5190786546 1.96994241591 1.96994241591 1.96994241591
66230248 2 8525.0 8525.0 8525.0 31.0757761877 31.0757761877 31.0757761877 1.94223601173 1.94223601173 1.94223601173
72853272 1 5586.0 5586.0 5586.0 26.084236305 26.084236305 26.084236305 1.63026476907 1.63026476907 1.63026476907
80138592 1 5858.0 5858.0 5858.0 27.3603933083 27.3603933083 27.3603933083 1.71002458177 1.71002458177 1.71002458177
88152448 1 6523.0 6523.0 6523.0 27.0281919362 27.0281919362 27.0281919362 1.68926199601 1.68926199601 1.68926199601
96967688 1 6672.0 6672.0 6672.0 29.0670527578 29.0670527578 29.0670527578 1.81669079736 1.81669079736 1.81669079736
106664456 1 7366.0 7366.0 7366.0 28.9612967689 28.9612967689 28.9612967689 1.81008104806 1.81008104806 1.81008104806
117330896 1 8165.0 8165.0 8165.0 28.739962278 28.739962278 28.739962278 1.79624764238 1.79624764238 1.79624764238
129063984 1 8966.0 8966.0 8966.0 28.789646219 28.789646219 28.789646219 1.79935288869 1.79935288869 1.79935288869

META_DATA
ERT_VERSION  1.1.0
UNAME  ('Linux', 'c91f517363d7', '4.19.76-linuxkit', '#1 SMP Fri Apr 3 15:53:26 UTC 2020', 'x86_64', 'x86_64')
CONFIG  {'ERT_WORKING_SET_MIN': ['1'], 'ERT_CFLAGS': ['-Ofast', '-march=native'], 'ERT_CC': ['cc'], 'ERT_MPI_CFLAGS': [], 'ERT_MPI_LDFLAGS': [], 'ERT_MEMORY_MAX': ['134217728', '#', '128MB'], 'ERT_LDFLAGS': [], 'ERT_LDLIBS': [], 'ERT_RUN': ['./ERT_CODE'], 'ERT_FLOPS': ['1,4,16,64'], 'ERT_OPENMP_CFLAGS': ['-fopenmp'], 'ERT_MPI': ['False'], 'ERT_TRIALS_MIN': ['1'], 'ERT_DRIVER': ['driver1'], 'ERT_RESULTS': ['Sequential'], 'ERT_OPENMP': ['False'], 'ERT_KERNEL': ['kernel1'], 'ERT_GPU': [False], 'ERT_LD': ['cc'], 'ERT_NUM_EXPERIMENTS': ['1'], 'ERT_OPENMP_LDFLAGS': ['-fopenmp'], 'ERT_ALIGN': ['64'], 'ERT_GNUPLOT': ['gnuplot']}
FLOPS          1
HOSTNAME  ('c91f517363d7', [], ['172.17.0.2'])
TIMESTAMP_DATA  1589925569.42
